100
1 2 3 4 5 6 7 e
1 2 4 5 6 7 e
0 1 2 3 4 5 e
0 1 2 3 4 6 7 e
0 1 2 3 4 5 6 7 e
1 2 3 4 5 e
0 1 2 4 6 7 e
0 1 2 3 4 5 7 e
1 2 3 4 5 6 e
0 1 2 3 4 e
0 1 2 3 4 5 6 e
0 1 2 3 4 6 e
1 2 3 4 5 7 e
1 2 3 4 e
1 2 3 4 7 e
1 2 3 4 6 e
1 2 4 6 7 e
1 2 3 4 6 7 e
0 1 2 3 4 7 e
1 2 3 5 6 e
0 1 2 4 5 6 7 e
1 2 4 5 7 e
1 2 3 5 e
0 1 2 4 5 6 e
0 1 2 4 5 7 e
0 1 3 4 5 7 e
1 2 4 7 e
0 1 2 4 7 e
1 2 3 6 e
1 2 4 6 e
0 1 2 4 6 e
1 2 3 e
1 2 3 5 6 7 e
1 2 3 5 7 e
1 2 3 6 7 e
1 2 4 5 6 e
0 1 2 3 5 e
0 1 2 3 6 7 e
0 1 2 3 5 7 e
0 1 2 3 5 6 7 e
0 1 2 5 6 7 e
0 1 2 3 6 e
0 1 2 3 e
0 1 2 3 5 6 e
1 2 3 7 e
0 1 3 4 5 e
0 1 3 4 5 6 e
1 2 5 6 e
1 3 4 5 e
1 3 4 5 6 e
0 1 2 4 5 e
0 1 3 4 5 6 7 e
0 1 2 3 7 e
0 1 2 5 6 e
1 3 4 5 7 e
1 3 4 5 6 7 e
1 2 5 6 7 e
0 1 4 5 6 7 e
0 1 3 5 e
1 2 5 7 e
1 2 4 5 e
1 4 5 6 7 e
1 2 6 7 e
1 2 4 e
1 3 5 e
1 4 5 7 e
1 3 5 6 e
1 3 5 7 e
0 1 3 5 6 e
0 1 2 5 7 e
1 3 5 6 7 e
0 1 3 5 6 7 e
0 1 3 5 7 e
0 1 4 5 6 e
1 4 5 6 e
0 1 4 5 7 e
0 1 2 6 7 e
0 1 5 6 7 e
1 2 6 e
1 4 5 e
0 1 2 4 e
0 1 2 6 e
1 2 7 e
0 1 5 6 e
0 2 4 6 7 e
0 1 4 5 e
0 2 4 5 6 7 e
0 1 5 7 e
0 2 3 5 e
2 3 4 5 e
2 3 4 5 6 7 e
2 3 4 5 7 e
0 2 3 7 e
2 3 4 5 6 e
0 4 5 6 7 e
2 4 5 6 7 e
2 4 5 7 e
0 4 5 7 e
0 3 5 e
2 3 5 e
