The objective is: 
2214.86
The running time is: 
3224.23
The time meeting best is: 
2902.76
Location: 0(load: 719) 
 Route 0(load: 149) 58 116 3 94 196 35 141 179 103 
 Route 1(load: 144) 82 112 84 44 91 12 15 55 
 Route 2(load: 150) 188 79 124 45 80 34 62 148 74 175 122 
 Route 3(load: 144) 132 69 86 135 127 48 85 176 24 
 Route 4(load: 132) 43 57 113 37 101 16 42 21 
Location: 2(load: 887) 
 Route 0(load: 147) 46 123 22 73 191 181 147 138 171 38 2 
 Route 1(load: 150) 193 19 109 81 120 56 8 194 33 118 136 
 Route 2(load: 148) 97 10 162 137 100 154 41 52 95 71 107 166 
 Route 3(load: 148) 49 131 190 164 32 158 25 186 126 
 Route 4(load: 145) 40 99 115 92 26 83 143 50 151 
 Route 5(load: 149) 66 28 67 163 64 65 174 197 130 60 
Location: 4(load: 525) 
 Route 0(load: 132) 146 88 105 119 13 125 139 152 4 
 Route 1(load: 104) 145 5 149 93 78 121 17 
 Route 2(load: 141) 18 77 20 172 134 98 31 150 170 184 
 Route 3(load: 148) 155 198 142 9 185 106 144 96 153 
Location: 7(load: 856) 
 Route 0(load: 147) 23 161 187 11 173 72 117 89 30 53 0 
 Route 1(load: 125) 199 6 177 29 76 1 192 156 
 Route 2(load: 145) 111 36 183 27 7 39 54 180 182 75 
 Route 3(load: 144) 108 128 168 114 102 104 59 87 61 14 
 Route 4(load: 147) 110 129 160 68 189 159 165 169 47 
 Route 5(load: 148) 133 157 63 140 178 90 195 167 70 51 
The actual cost is 2214.86
