The objective is: 
2239.39
The running time is: 
3047.06
The time meeting best is: 
2944.24
Location: 5(load: 1131) 
 Route 0(load: 88) 3 127 4 115 79 51 84 
 Route 1(load: 148) 7 198 18 10 125 50 93 129 44 197 
 Route 2(load: 148) 137 160 76 154 104 193 14 150 188 189 
 Route 3(load: 148) 107 55 167 15 77 131 42 148 113 28 
 Route 4(load: 150) 112 20 66 174 136 30 149 47 90 181 
 Route 5(load: 150) 196 182 153 36 191 27 159 185 56 126 25 
 Route 6(load: 149) 180 121 39 101 156 98 139 86 48 91 
 Route 7(load: 150) 82 64 143 57 184 81 63 97 99 54 
Location: 8(load: 1162) 
 Route 0(load: 146) 1 8 120 78 138 45 95 65 199 
 Route 1(load: 140) 67 102 85 74 152 58 135 173 161 
 Route 2(load: 138) 157 168 147 6 190 162 134 132 
 Route 3(load: 150) 142 151 186 187 103 26 9 17 141 194 
 Route 4(load: 148) 11 183 32 96 119 128 108 70 52 5 
 Route 5(load: 143) 46 37 16 165 145 118 33 166 38 133 
 Route 6(load: 149) 68 83 61 23 62 158 59 114 53 176 
 Route 7(load: 148) 100 111 89 195 109 163 60 123 169 192 
Location: 9(load: 696) 
 Route 0(load: 136) 35 94 12 177 40 175 140 0 75 
 Route 1(load: 150) 19 88 71 24 172 2 34 22 178 146 
 Route 2(load: 127) 116 92 13 179 106 41 72 117 
 Route 3(load: 133) 170 110 29 49 69 21 87 144 31 
 Route 4(load: 150) 73 105 130 164 122 124 155 43 80 171 
The actual cost is 2239.39
