The objective is: 
1685.52
The running time is: 
3623.95
The time meeting best is: 
3564.27
Location: 1(load: 1014) 
 Route 0(load: 148) 68 24 34 2 19 42 23 21 40 13 56 
 Route 1(load: 146) 64 87 95 50 73 3 57 94 79 92 
 Route 2(load: 149) 35 39 15 44 22 8 10 31 26 20 
 Route 3(load: 150) 72 66 75 77 86 67 63 91 51 47 
 Route 4(load: 146) 88 60 76 53 70 62 83 90 69 65 85 
 Route 5(load: 146) 74 58 71 59 89 55 54 82 61 
 Route 6(load: 129) 81 49 52 80 48 84 93 78 
Location: 10(load: 1131) 
 Route 0(load: 106) 148 126 0 100 98 104 145 
 Route 1(load: 148) 7 41 5 9 4 33 18 43 1 37 32 
 Route 2(load: 150) 128 137 124 6 138 147 146 111 17 122 112 
 Route 3(load: 139) 28 12 45 46 27 38 25 29 30 
 Route 4(load: 149) 127 118 130 107 113 114 102 140 97 133 
 Route 5(load: 150) 134 139 131 132 110 106 142 116 108 96 
 Route 6(load: 147) 115 149 136 143 121 123 105 101 99 120 129 
 Route 7(load: 142) 109 119 125 141 117 135 16 144 103 
Location: 19(load: 748) 
 Route 0(load: 149) 196 177 157 181 153 151 11 154 174 180 
 Route 1(load: 149) 182 169 197 199 160 189 161 156 14 185 187 
 Route 2(load: 150) 183 178 192 152 176 164 172 198 167 36 
 Route 3(load: 150) 170 155 150 159 158 191 162 193 188 175 173 
 Route 4(load: 150) 163 184 165 168 195 194 171 186 190 166 179 
The actual cost is 1685.52
