The objective is: 
1946.55
The running time is: 
3082.58
The time meeting best is: 
3044.91
Location: 1(load: 1184) 
 Route 0(load: 148) 148 156 155 2 30 108 120 122 125 6 
 Route 1(load: 149) 160 144 139 150 157 145 153 138 18 
 Route 2(load: 150) 19 167 159 151 161 164 152 140 149 147 146 
 Route 3(load: 150) 175 176 118 124 110 130 127 134 131 123 26 
 Route 4(load: 149) 41 173 182 172 187 199 179 194 178 185 
 Route 5(load: 145) 163 158 141 165 154 143 166 142 162 
 Route 6(load: 144) 180 197 174 189 198 186 181 168 192 195 
 Route 7(load: 149) 170 188 183 191 196 169 193 190 184 177 171 
Location: 6(load: 529) 
 Route 0(load: 149) 88 95 96 78 91 104 89 99 106 13 
 Route 1(load: 149) 101 77 105 102 84 81 76 31 36 29 
 Route 2(load: 111) 83 82 97 87 34 94 85 98 
 Route 3(load: 120) 86 103 90 80 79 100 93 92 107 
Location: 8(load: 578) 
 Route 0(load: 140) 38 32 4 39 25 15 16 21 
 Route 1(load: 144) 50 47 51 48 74 57 75 43 17 
 Route 2(load: 147) 44 72 54 56 53 62 52 55 45 61 
 Route 3(load: 147) 64 65 59 58 73 63 70 67 60 
Location: 9(load: 735) 
 Route 0(load: 145) 11 1 37 0 22 7 33 35 12 
 Route 1(load: 149) 129 121 115 42 3 20 14 10 8 27 
 Route 2(load: 144) 5 49 68 71 69 46 66 23 24 
 Route 3(load: 147) 9 112 116 132 135 109 133 128 
 Route 4(load: 150) 137 126 136 114 113 117 28 119 111 40 
The actual cost is 1946.55
