The objective is: 
1911.6
The running time is: 
3297.57
The time meeting best is: 
3119.26
Location: 1(load: 691) 
 Route 0(load: 149) 165 159 29 51 54 76 84 68 59 0 
 Route 1(load: 149) 148 154 158 153 146 163 38 169 149 
 Route 2(load: 97) 25 20 17 40 39 24 
 Route 3(load: 147) 36 160 147 151 166 152 162 168 161 156 145 
 Route 4(load: 149) 23 10 21 164 143 144 157 167 150 155 
Location: 6(load: 942) 
 Route 0(load: 149) 56 81 61 60 26 78 75 80 6 82 
 Route 1(load: 148) 28 13 71 63 69 77 55 57 53 83 
 Route 2(load: 150) 92 99 110 95 112 34 105 111 107 108 
 Route 3(load: 150) 58 64 65 79 67 72 66 70 73 74 62 
 Route 4(load: 51) 94 86 96 
 Route 5(load: 150) 97 87 90 109 88 93 114 85 102 103 104 
 Route 6(load: 144) 106 115 100 91 116 89 113 98 101 
Location: 11(load: 556) 
 Route 0(load: 149) 49 33 7 19 48 43 2 16 45 18 37 
 Route 1(load: 145) 30 118 126 133 122 140 132 121 129 124 
 Route 2(load: 141) 128 123 137 117 141 136 127 125 138 
 Route 3(load: 121) 142 120 130 135 139 134 119 131 
Location: 15(load: 743) 
 Route 0(load: 150) 50 52 3 1 44 4 31 9 8 46 5 
 Route 1(load: 150) 42 12 15 27 11 22 47 35 14 41 
 Route 2(load: 149) 190 177 32 184 188 174 192 193 183 172 
 Route 3(load: 146) 182 170 178 186 189 198 196 199 175 176 
 Route 4(load: 148) 187 195 185 179 173 171 191 180 181 197 194 
The actual cost is 1911.6
