The objective is: 
1449.46
The running time is: 
2712.66
The time meeting best is: 
2710.97
Location: 7(load: 1928) 
 Route 0(load: 148) 153 197 167 179 183 163 0 95 93 88 
 Route 1(load: 150) 118 89 98 4 2 97 74 115 135 102 
 Route 2(load: 150) 154 144 151 187 191 165 146 145 5 190 
 Route 3(load: 149) 138 72 106 103 114 99 134 139 90 121 
 Route 4(load: 149) 101 73 76 92 131 140 130 124 109 123 
 Route 5(load: 147) 81 110 111 136 77 122 75 105 80 104 
 Route 6(load: 148) 84 107 119 78 96 137 79 83 128 94 
 Route 7(load: 149) 117 85 112 100 87 142 82 86 127 133 
 Route 8(load: 150) 126 129 116 91 113 120 132 141 108 125 
 Route 9(load: 145) 152 189 143 166 174 148 193 149 170 158 
 Route 10(load: 149) 173 147 168 188 161 185 150 162 199 178 180 
 Route 11(load: 149) 177 164 198 192 171 176 156 169 196 159 175 
 Route 12(load: 145) 194 182 181 155 184 160 172 186 195 157 
Location: 8(load: 1009) 
 Route 0(load: 150) 25 1 67 3 42 70 57 13 34 66 29 
 Route 1(load: 138) 56 53 22 48 60 65 50 6 30 
 Route 2(load: 137) 62 38 32 14 27 8 31 69 44 7 
 Route 3(load: 149) 68 49 23 17 36 64 63 9 24 46 
 Route 4(load: 141) 33 47 61 40 10 45 39 11 15 
 Route 5(load: 148) 19 20 71 12 43 41 37 26 55 
 Route 6(load: 146) 54 16 58 28 51 18 21 35 52 59 
The actual cost is 1449.46
