The objective is: 
1082.46
The running time is: 
2686.68
The time meeting best is: 
2421.15
Location: 7(load: 1089) 
 Route 0(load: 147) 171 186 144 158 162 143 140 153 130 
 Route 1(load: 147) 141 131 161 180 147 191 184 154 187 137 
 Route 2(load: 135) 169 195 138 150 133 194 132 179 164 
 Route 3(load: 141) 178 172 160 149 170 176 183 134 152 
 Route 4(load: 138) 175 145 165 135 173 157 148 136 192 
 Route 5(load: 139) 155 189 146 166 181 159 139 185 142 
 Route 6(load: 148) 151 163 156 167 174 182 196 177 188 
 Route 7(load: 94) 197 193 198 199 190 168 
Location: 15(load: 957) 
 Route 0(load: 142) 46 45 7 27 33 52 37 40 15 0 
 Route 1(load: 146) 12 59 41 23 24 1 31 55 
 Route 2(load: 142) 49 20 32 5 58 60 47 9 2 44 
 Route 3(load: 145) 54 4 29 53 30 3 36 13 28 25 18 
 Route 4(load: 134) 11 43 8 38 57 21 26 6 
 Route 5(load: 150) 14 42 10 39 56 17 34 50 35 62 
 Route 6(load: 98) 16 61 22 51 48 19 
Location: 19(load: 996) 
 Route 0(load: 149) 122 74 81 104 88 113 127 63 91 
 Route 1(load: 147) 109 79 110 116 128 64 121 107 97 86 
 Route 2(load: 108) 120 95 65 66 124 103 89 111 
 Route 3(load: 148) 72 101 70 90 118 68 94 108 112 67 
 Route 4(load: 148) 93 75 85 98 129 115 69 73 71 78 
 Route 5(load: 148) 82 99 119 92 87 76 83 80 117 
 Route 6(load: 148) 102 77 84 105 126 114 100 123 96 106 125 
The actual cost is 1082.46
