The objective is: 
1760.04
The running time is: 
2607.81
The time meeting best is: 
2594.49
Location: 2(load: 1827) 
 Route 0(load: 149) 0 8 7 26 2 4 34 38 15 1 
 Route 1(load: 143) 22 14 21 10 40 51 53 56 74 44 
 Route 2(load: 150) 32 9 29 25 31 3 37 35 18 19 
 Route 3(load: 146) 33 16 12 41 17 39 13 6 5 
 Route 4(load: 149) 36 28 27 42 20 30 23 11 24 
 Route 5(load: 137) 80 43 75 47 76 62 85 45 72 
 Route 6(load: 147) 52 55 58 78 68 82 61 63 46 65 
 Route 7(load: 149) 83 50 81 48 64 69 57 59 71 60 
 Route 8(load: 142) 79 49 66 54 73 67 70 77 84 
 Route 9(load: 147) 192 181 178 193 189 195 176 183 191 190 164 
 Route 10(load: 89) 197 170 184 168 199 165 
 Route 11(load: 142) 186 171 179 188 166 177 185 172 187 175 
 Route 12(load: 137) 198 180 169 196 182 194 174 173 167 
Location: 7(load: 1191) 
 Route 0(load: 150) 95 86 113 128 124 125 123 92 103 
 Route 1(load: 149) 126 101 105 87 119 91 97 111 114 
 Route 2(load: 149) 120 109 112 88 107 129 130 102 99 116 
 Route 3(load: 150) 117 108 110 122 89 115 121 127 96 
 Route 4(load: 148) 118 93 100 104 106 94 90 98 159 150 
 Route 5(load: 147) 163 160 131 142 141 162 143 148 136 155 
 Route 6(load: 150) 154 147 149 156 153 134 157 145 161 132 133 
 Route 7(load: 148) 140 135 158 151 146 137 152 138 139 144 
The actual cost is 1760.04
