The objective is: 
2137.45
The running time is: 
2996.16
The time meeting best is: 
2717.39
Location: 3(load: 874) 
 Route 0(load: 149) 109 143 7 1 34 52 116 192 93 94 154 
 Route 1(load: 138) 159 103 42 26 194 126 139 79 128 113 
 Route 2(load: 143) 11 185 130 142 190 66 173 186 5 145 
 Route 3(load: 147) 22 111 195 137 97 189 160 55 53 
 Route 4(load: 148) 134 73 115 161 133 43 162 146 23 
 Route 5(load: 149) 28 169 124 138 158 131 49 27 196 74 
Location: 4(load: 719) 
 Route 0(load: 149) 64 198 87 182 121 96 33 62 12 6 
 Route 1(load: 141) 176 8 102 168 45 90 104 141 175 
 Route 2(load: 137) 35 89 180 179 40 31 15 112 82 
 Route 3(load: 146) 21 122 174 178 19 184 163 38 101 
 Route 4(load: 146) 88 98 108 61 75 157 127 156 36 
Location: 9(load: 556) 
 Route 0(load: 108) 119 2 140 65 164 92 151 
 Route 1(load: 150) 76 47 117 46 30 181 63 3 78 58 
 Route 2(load: 148) 95 172 118 50 107 4 136 170 150 129 
 Route 3(load: 150) 70 85 171 199 191 41 68 167 123 197 
Location: 13(load: 880) 
 Route 0(load: 144) 0 100 81 91 125 29 99 152 77 
 Route 1(load: 147) 51 114 105 16 56 9 24 135 84 
 Route 2(load: 150) 67 144 10 149 153 37 48 20 72 17 14 
 Route 3(load: 150) 32 71 166 155 120 132 106 188 13 148 
 Route 4(load: 147) 83 177 18 183 80 110 39 147 54 25 
 Route 5(load: 142) 59 57 86 193 69 187 165 44 60 
The actual cost is 2137.45
