The objective is: 
2202.19
The running time is: 
3026.2
The time meeting best is: 
2719.59
Location: 3(load: 851) 
 Route 0(load: 147) 33 61 6 156 60 155 99 63 190 144 
 Route 1(load: 150) 172 43 174 17 176 12 95 184 8 116 
 Route 2(load: 119) 94 110 127 23 53 181 173 11 104 
 Route 3(load: 146) 71 158 86 135 125 146 159 16 91 44 
 Route 4(load: 141) 73 22 66 21 121 140 27 169 198 
 Route 5(load: 148) 197 98 193 85 117 26 189 136 160 
Location: 5(load: 1184) 
 Route 0(load: 148) 168 102 1 164 9 37 167 185 81 42 
 Route 1(load: 147) 55 52 120 186 175 115 122 161 4 31 
 Route 2(load: 149) 187 40 148 92 90 10 108 112 153 20 
 Route 3(load: 147) 39 150 113 143 157 47 109 59 14 68 
 Route 4(load: 143) 97 87 18 194 45 149 34 28 76 162 74 
 Route 5(load: 150) 101 154 24 166 131 179 134 25 32 
 Route 6(load: 150) 67 58 147 141 191 114 36 133 72 
 Route 7(load: 150) 50 171 192 188 88 93 182 128 107 64 
Location: 6(load: 440) 
 Route 0(load: 149) 48 62 170 0 124 13 126 70 69 152 
 Route 1(load: 146) 183 57 123 15 35 106 105 139 3 
 Route 2(load: 145) 118 38 56 119 199 89 177 29 142 79 
Location: 8(load: 486) 
 Route 0(load: 89) 2 111 180 196 65 195 
 Route 1(load: 114) 129 77 130 163 5 145 83 75 
 Route 2(load: 147) 80 78 151 7 30 49 100 82 138 178 165 
 Route 3(load: 136) 103 19 54 96 46 84 137 132 51 41 
The actual cost is 2202.19
