The objective is: 
2070.43
The running time is: 
3113.52
The time meeting best is: 
2928.51
Location: 3(load: 593) 
 Route 0(load: 149) 20 39 36 41 17 30 19 13 5 3 
 Route 1(load: 148) 8 25 23 37 40 175 168 143 194 160 21 
 Route 2(load: 149) 33 147 155 189 190 182 181 172 195 
 Route 3(load: 147) 163 156 154 184 167 176 152 149 153 198 192 
Location: 5(load: 734) 
 Route 0(load: 144) 26 16 177 178 150 159 169 170 174 4 
 Route 1(load: 145) 18 6 24 14 35 12 22 34 28 
 Route 2(load: 149) 9 179 191 151 29 158 148 161 164 144 
 Route 3(load: 149) 199 166 146 157 185 193 145 196 186 
 Route 4(load: 147) 162 187 197 180 173 183 165 188 171 
Location: 6(load: 1721) 
 Route 0(load: 147) 74 46 79 60 66 82 0 38 31 
 Route 1(load: 150) 78 69 61 54 67 7 1 55 62 44 
 Route 2(load: 150) 107 123 122 124 142 125 2 120 126 135 134 
 Route 3(load: 148) 109 108 105 99 10 95 138 118 129 114 
 Route 4(load: 147) 49 80 42 45 72 68 48 57 32 
 Route 5(load: 148) 51 73 86 50 52 43 59 53 75 
 Route 6(load: 150) 83 77 58 81 71 85 63 47 87 76 
 Route 7(load: 148) 128 106 96 90 139 89 117 92 119 103 
 Route 8(load: 143) 130 110 97 104 121 91 113 115 141 
 Route 9(load: 148) 116 140 111 133 93 100 137 102 127 112 
 Route 10(load: 101) 131 132 136 98 101 94 
 Route 11(load: 141) 27 15 11 64 70 88 84 65 56 
The actual cost is 2070.43
