The objective is: 
375353
The running time is: 
2652.69
The time meeting best is: 
2406.38
Location: 0(load: 1178) 
 Route 0(load: 150) 44 43 37 127 71 109 166 14 112 
 Route 1(load: 149) 5 128 27 74 179 198 76 86 69 190 
 Route 2(load: 146) 119 10 107 30 106 169 88 73 154 
 Route 3(load: 147) 20 141 81 57 52 53 4 2 158 33 
 Route 4(load: 149) 65 124 40 135 145 167 92 17 156 
 Route 5(load: 149) 111 199 181 125 80 186 178 184 63 19 
 Route 6(load: 144) 26 61 163 91 162 32 155 185 68 
 Route 7(load: 144) 138 195 176 174 31 115 48 130 133 93 
Location: 1(load: 885) 
 Route 0(load: 142) 9 97 13 7 149 21 188 1 45 
 Route 1(load: 147) 159 122 150 15 129 87 83 123 137 25 
 Route 2(load: 150) 22 67 116 94 121 144 146 117 54 18 
 Route 3(load: 149) 56 132 89 96 28 64 151 90 143 
 Route 4(load: 147) 66 192 85 182 42 59 187 152 100 58 
 Route 5(load: 150) 175 95 84 171 177 148 193 153 55 157 
Location: 5(load: 1035) 
 Route 0(load: 150) 147 29 34 23 134 38 191 0 16 
 Route 1(load: 148) 196 79 131 194 72 24 140 3 77 49 
 Route 2(load: 147) 41 11 6 168 104 46 39 172 105 99 
 Route 3(load: 149) 47 70 102 103 142 170 8 113 50 
 Route 4(load: 148) 183 12 98 136 189 120 35 118 180 62 
 Route 5(load: 143) 173 160 75 126 36 161 78 108 139 
 Route 6(load: 150) 51 164 110 197 114 60 82 101 165 
The actual cost is 375353
