The objective is: 
373696
The running time is: 
2464.91
The time meeting best is: 
2205.68
Location: 0(load: 885) 
 Route 0(load: 143) 17 97 43 58 93 34 63 52 0 
 Route 1(load: 150) 41 1 88 67 20 32 56 50 74 79 
 Route 2(load: 149) 59 12 44 19 27 15 51 6 29 
 Route 3(load: 148) 7 14 65 60 25 99 10 38 68 8 
 Route 4(load: 149) 48 81 55 22 94 53 31 45 16 76 
 Route 5(load: 146) 61 57 47 96 77 37 89 42 84 92 
Location: 3(load: 1246) 
 Route 0(load: 150) 70 2 95 24 35 90 46 62 69 
 Route 1(load: 147) 28 11 3 83 13 64 87 36 54 23 
 Route 2(load: 150) 49 66 78 40 4 33 72 194 100 
 Route 3(load: 101) 85 73 18 86 30 5 98 
 Route 4(load: 144) 82 26 39 21 75 91 80 71 9 
 Route 5(load: 147) 121 106 184 171 109 163 172 159 150 123 
 Route 6(load: 144) 127 122 110 178 187 114 133 188 119 
 Route 7(load: 132) 156 130 138 134 111 199 117 192 
 Route 8(load: 131) 136 120 180 112 185 132 140 179 
Location: 7(load: 970) 
 Route 0(load: 150) 160 108 124 177 196 115 142 141 104 101 
 Route 1(load: 134) 144 154 175 183 162 191 161 129 165 
 Route 2(load: 150) 169 151 131 173 147 149 116 126 153 103 
 Route 3(load: 142) 189 143 105 174 155 157 176 128 181 
 Route 4(load: 150) 135 118 186 198 113 152 107 197 166 
 Route 5(load: 94) 145 146 193 125 148 137 
 Route 6(load: 150) 158 164 167 170 102 190 182 195 139 168 
The actual cost is 373696
