The objective is: 
362253
The running time is: 
2373.42
The time meeting best is: 
2370.42
Location: 3(load: 1107) 
 Route 0(load: 146) 183 165 162 140 175 160 180 194 168 73 
 Route 1(load: 149) 198 172 166 142 147 131 80 114 74 
 Route 2(load: 67) 83 107 94 112 
 Route 3(load: 149) 84 181 186 169 185 177 130 187 96 
 Route 4(load: 149) 164 193 190 157 171 173 199 143 132 150 
 Route 5(load: 148) 156 133 182 161 137 163 188 145 146 
 Route 6(load: 149) 189 167 134 151 159 153 136 191 192 154 
 Route 7(load: 150) 197 196 149 141 184 158 144 138 155 135 195 
Location: 5(load: 979) 
 Route 0(load: 142) 26 6 20 50 45 58 53 0 42 
 Route 1(load: 145) 1 19 44 59 23 51 29 57 56 52 
 Route 2(load: 143) 2 176 174 179 152 170 148 139 178 
 Route 3(load: 140) 55 13 43 7 24 15 34 60 28 
 Route 4(load: 148) 18 17 14 25 16 63 11 10 54 8 
 Route 5(load: 146) 46 61 32 9 64 36 41 33 37 30 
 Route 6(load: 115) 62 47 39 49 48 22 12 
Location: 9(load: 991) 
 Route 0(load: 148) 5 27 31 4 35 40 3 21 38 
 Route 1(load: 148) 77 124 99 82 65 92 113 66 128 90 
 Route 2(load: 149) 68 110 75 67 91 88 76 109 120 93 
 Route 3(load: 146) 122 78 81 104 125 100 102 87 69 
 Route 4(load: 145) 70 79 123 127 115 108 126 111 129 
 Route 5(load: 106) 105 71 119 95 117 89 121 
 Route 6(load: 149) 72 106 116 101 86 103 118 98 85 97 
The actual cost is 362253
