100
1 2 4 5 7 9 14 20 21 e
1 2 4 5 7 9 10 13 15 e
1 2 4 5 7 9 11 13 15 e
1 2 4 6 7 9 11 13 20 e
1 2 4 5 7 9 13 15 18 e
1 2 4 6 7 9 10 13 20 e
0 1 4 5 7 9 14 20 21 e
0 1 4 6 7 9 13 20 21 e
1 2 4 5 7 9 10 11 13 e
1 2 4 5 7 9 11 15 18 e
1 2 4 6 7 9 10 13 24 e
0 1 4 5 7 9 12 13 15 e
0 1 4 5 7 9 10 13 15 e
0 1 4 6 7 9 10 13 20 e
0 1 4 6 7 9 11 20 21 e
1 2 4 6 7 9 14 20 21 e
1 2 4 5 6 7 14 20 21 e
0 1 4 5 7 9 13 15 18 e
1 2 4 6 7 9 11 13 24 e
1 2 4 5 7 9 10 11 13 15 e
1 2 4 5 7 9 14 15 20 21 e
1 2 4 6 7 9 10 11 13 e
0 1 4 5 7 9 10 12 13 e
0 1 4 5 7 9 11 12 15 e
1 2 4 5 7 9 11 13 15 18 e
0 1 4 5 7 9 11 13 15 e
0 1 4 5 7 9 10 11 13 e
0 1 4 6 7 9 14 20 21 e
1 2 4 5 7 9 13 14 20 21 e
0 1 4 5 7 9 11 12 13 e
0 1 4 5 7 9 11 13 20 e
0 1 4 6 7 9 10 13 24 e
0 1 4 5 7 9 12 15 18 e
1 2 4 5 6 7 9 e
1 2 4 5 7 9 11 14 20 21 e
0 1 4 5 7 9 11 15 18 e
1 2 4 5 7 9 10 13 15 18 e
0 1 4 6 7 9 12 20 21 e
0 1 4 5 7 9 12 15 17 e
0 1 4 5 7 9 13 14 20 21 e
1 2 4 5 6 7 11 15 18 e
0 1 4 6 7 9 10 11 13 e
0 1 4 5 7 9 11 13 15 18 e
1 2 4 6 7 9 14 16 20 21 e
0 1 4 5 7 9 14 15 20 21 e
0 1 4 5 7 9 10 13 20 e
0 1 4 6 7 9 11 13 20 e
0 1 4 6 7 9 11 12 13 e
0 1 4 5 7 9 12 13 20 e
1 2 4 5 7 9 14 16 20 21 e
0 1 4 5 7 9 10 12 13 15 e
0 1 4 6 7 9 10 12 13 e
1 2 4 5 6 7 9 15 e
0 1 4 5 7 9 15 20 21 e
0 1 4 5 7 9 12 14 20 21 e
0 1 4 5 7 9 10 13 15 18 e
0 1 4 5 7 9 14 16 20 21 e
0 1 4 6 7 9 10 13 20 21 e
0 1 4 5 7 9 13 20 21 e
1 2 4 6 7 9 10 11 13 24 e
0 1 4 5 7 9 10 13 15 20 e
1 2 4 5 7 9 14 15 18 20 21 e
0 1 4 5 6 7 9 e
0 1 4 6 7 9 12 13 17 e
0 1 4 6 7 9 11 13 24 e
0 1 4 6 7 9 11 12 24 e
1 2 4 5 6 7 9 11 e
1 2 4 5 6 9 10 11 13 e
0 1 4 5 7 9 13 15 20 e
0 1 4 5 7 9 10 11 12 13 e
1 2 4 5 7 9 13 14 15 20 21 e
0 1 4 6 7 9 11 12 17 e
1 2 4 5 7 9 14 15 16 20 21 e
1 2 4 5 7 9 10 11 13 15 18 e
1 2 4 5 6 7 9 13 e
1 2 4 5 6 9 11 13 15 e
1 3 4 6 7 9 10 11 13 e
0 1 4 5 6 7 9 13 e
0 1 4 5 6 7 11 15 18 e
0 1 4 5 7 9 11 12 13 15 e
0 1 4 5 6 7 9 15 e
0 1 4 5 7 9 12 13 15 18 e
1 2 4 5 6 9 10 13 15 e
1 2 4 5 7 9 11 14 15 20 21 e
0 1 4 6 7 9 14 16 20 21 e
0 1 4 5 6 7 9 18 e
0 1 4 5 7 9 10 12 13 17 e
0 1 4 6 7 9 10 11 12 13 e
0 1 4 5 6 7 9 11 e
0 1 4 5 7 9 11 14 15 20 21 e
0 1 4 6 7 9 12 17 24 e
1 2 4 5 6 7 9 15 18 e
0 1 4 6 7 9 12 17 19 e
1 4 5 6 7 9 11 13 14 15 16 18 20 21 24 e
1 4 5 6 7 9 10 11 13 14 15 18 20 21 24 e
1 4 5 6 7 9 10 13 14 15 16 18 20 21 24 e
1 4 5 6 7 9 10 11 13 14 16 18 20 21 24 e
1 4 5 6 7 9 10 11 13 14 15 16 18 20 21 e
1 4 5 6 7 9 10 11 13 14 15 16 20 21 24 e
0 1 4 5 7 9 10 11 13 15 e
