100
0 1 2 3 5 6 8 11 14 15 16 22 23 e
0 1 3 4 5 6 8 11 14 15 16 22 23 e
0 1 2 3 5 6 8 10 11 14 15 16 23 e
0 1 3 5 6 8 9 11 14 15 16 22 23 e
0 1 2 3 5 6 8 10 14 15 16 22 23 e
0 1 2 3 6 8 10 11 14 15 16 22 23 e
0 1 2 3 5 6 8 12 14 15 16 22 23 e
0 1 3 5 6 8 10 11 14 15 16 22 23 e
0 1 2 3 5 8 10 11 14 15 16 22 23 e
0 1 3 4 5 6 8 10 11 14 15 16 23 e
0 1 2 3 5 6 8 11 14 15 16 21 22 e
0 1 3 4 5 6 8 10 14 15 16 22 23 e
0 1 3 4 6 8 10 11 14 15 16 22 23 e
0 1 2 3 6 8 9 11 14 15 16 22 23 e
0 1 3 4 5 6 8 12 14 15 16 22 23 e
0 1 2 3 5 6 8 10 11 14 15 16 22 e
0 1 2 3 5 6 8 11 14 15 16 17 23 e
0 1 2 3 5 6 8 9 11 14 15 16 22 e
0 1 3 6 8 9 10 11 14 15 16 22 23 e
0 1 3 5 6 8 11 12 14 15 16 22 23 e
0 1 2 3 5 6 8 10 12 14 15 22 23 e
0 1 2 3 5 6 8 11 14 15 16 21 23 e
0 1 2 3 5 8 9 11 14 15 16 22 23 e
0 1 3 4 5 6 8 9 11 14 15 16 22 e
0 1 2 3 6 8 11 12 14 15 16 22 23 e
0 1 2 3 6 8 10 12 14 15 16 22 23 e
0 1 2 5 6 8 10 11 14 15 16 22 23 e
0 1 2 3 6 8 11 14 15 16 17 22 23 e
0 1 3 4 6 8 9 11 14 15 16 22 23 e
0 1 2 3 8 9 10 11 14 15 16 22 23 e
0 1 3 4 5 6 8 10 11 14 15 16 22 e
0 1 2 5 6 8 11 12 14 15 16 22 23 e
0 1 3 5 6 8 9 12 14 15 16 22 23 e
0 1 3 4 5 6 8 9 11 14 15 16 23 e
0 1 3 4 6 8 9 10 11 14 15 16 23 e
0 1 3 5 6 8 9 10 11 14 15 16 23 e
0 1 3 5 6 8 11 14 15 16 17 22 23 e
0 1 3 5 6 8 9 10 14 15 16 22 23 e
0 1 2 5 6 8 9 11 14 15 16 22 23 e
0 1 2 3 5 6 8 14 15 16 17 22 23 e
0 1 3 5 6 8 10 12 14 15 16 22 23 e
0 1 2 3 5 6 8 12 14 15 16 21 22 e
0 1 2 3 6 8 9 10 11 14 15 16 23 e
0 1 3 6 8 9 11 12 14 15 16 22 23 e
0 1 2 3 5 6 8 11 12 14 15 16 22 e
0 1 2 5 6 8 10 12 14 15 16 22 23 e
0 1 3 4 5 6 8 10 12 14 15 22 23 e
0 1 2 3 6 8 10 11 14 15 16 17 23 e
0 1 2 3 5 8 10 14 15 16 21 22 23 e
0 1 2 3 5 8 9 10 11 14 15 16 23 e
0 1 2 3 5 6 8 10 12 14 15 16 22 e
0 1 2 3 5 6 8 9 11 15 16 22 23 e
0 1 3 5 6 8 9 11 14 15 16 21 22 e
0 1 2 3 5 8 9 10 14 15 16 22 23 e
0 1 3 6 8 9 11 14 15 16 17 22 23 e
0 1 3 4 5 6 8 14 15 16 17 22 23 e
0 1 2 3 5 6 8 9 10 11 14 15 16 e
0 1 3 4 5 6 8 9 14 15 16 22 23 e
0 1 3 6 8 9 10 12 14 15 16 22 23 e
0 1 3 5 6 8 9 10 12 14 15 22 23 e
0 1 3 4 5 6 8 9 10 11 14 15 16 e
0 1 2 3 5 6 8 10 14 15 16 21 22 e
0 1 2 6 8 9 11 12 14 15 16 22 23 e
0 1 3 4 6 8 9 10 14 15 16 22 23 e
0 1 3 4 5 8 9 10 14 15 16 22 23 e
0 1 3 5 6 8 9 11 14 15 16 17 23 e
0 1 2 3 5 6 8 10 14 15 16 17 23 e
0 1 2 3 5 6 8 10 12 14 15 21 22 e
0 1 3 5 6 8 9 10 12 14 15 16 22 e
0 1 2 3 6 8 10 14 15 16 17 22 23 e
0 1 2 3 5 6 8 10 11 14 15 16 17 e
0 1 2 3 5 6 9 11 14 15 16 22 23 e
0 1 3 4 5 6 8 9 11 14 16 22 23 e
0 1 2 3 5 6 11 14 15 16 21 22 23 e
0 1 2 5 6 8 9 11 12 14 15 16 22 e
0 1 3 5 6 8 9 14 15 16 17 22 23 e
0 1 3 4 5 6 8 9 11 14 15 16 21 e
0 1 2 3 5 6 8 10 14 15 16 17 22 e
0 1 2 3 5 6 8 9 11 14 15 16 21 e
0 1 3 4 5 8 9 10 11 14 15 16 22 e
0 1 2 3 5 8 10 14 15 16 17 22 23 e
0 1 2 3 5 6 8 9 10 15 16 22 23 e
0 1 3 5 6 8 10 14 15 16 17 22 23 e
0 1 3 4 5 6 8 10 14 15 16 17 23 e
0 1 3 4 5 6 8 9 10 11 14 22 23 e
0 1 2 3 5 6 8 9 12 15 16 22 23 e
0 1 3 5 6 7 8 9 11 14 15 16 22 e
0 1 3 5 6 8 10 11 14 15 16 17 23 e
0 1 2 3 5 6 8 10 14 15 17 22 23 e
0 1 2 5 6 8 9 10 12 14 15 16 22 e
0 1 3 4 5 8 9 11 14 15 16 21 22 e
0 1 3 6 8 9 10 14 15 16 17 22 23 e
0 1 5 6 8 9 10 12 14 15 16 22 23 e
0 1 2 3 5 8 9 10 12 14 15 16 22 e
0 1 3 4 5 6 8 9 12 14 16 22 23 e
0 1 2 5 6 8 10 12 14 15 17 22 23 e
0 1 3 5 6 8 9 10 14 15 16 17 22 e
0 1 3 4 5 6 8 9 10 14 16 22 23 e
0 1 2 3 8 9 10 14 15 16 17 22 23 e
0 1 3 4 5 6 8 9 10 12 14 22 23 e
