100
1 4 13 17 18 e
1 4 8 13 18 e
1 4 8 13 26 e
4 13 17 23 26 e
4 5 13 17 26 e
1 4 13 18 26 e
4 8 13 17 26 e
4 8 13 17 18 e
4 13 17 18 23 e
4 5 13 17 18 e
1 4 13 17 26 e
4 7 10 13 17 e
4 13 17 18 25 e
4 8 13 17 21 e
1 4 5 13 18 e
4 5 13 17 25 e
4 13 17 18 26 e
5 7 8 13 18 e
1 4 13 17 23 25 e
1 8 13 18 20 e
4 5 13 25 26 e
1 4 5 13 26 e
1 4 8 13 17 25 e
1 4 8 13 17 26 e
1 8 13 20 26 e
4 13 18 25 26 e
1 4 5 13 17 25 e
4 7 10 13 25 e
1 4 13 17 23 26 e
4 8 13 18 26 e
5 7 11 13 18 e
7 10 13 18 23 e
4 13 17 20 26 e
4 13 17 18 21 e
7 8 10 13 17 e
4 8 13 18 25 e
4 13 18 23 26 e
7 8 10 13 18 e
7 13 17 18 20 e
1 4 8 13 17 18 e
1 4 13 17 20 25 e
1 4 8 12 13 17 e
5 11 13 17 18 e
5 7 13 17 18 e
4 8 13 25 26 e
4 5 13 18 25 e
1 8 10 13 18 e
5 8 13 17 18 e
7 8 13 18 20 e
1 4 13 17 18 23 e
8 10 13 17 18 e
1 8 10 13 26 e
4 10 13 17 18 e
4 5 13 18 26 e
4 5 13 17 21 e
4 13 23 25 26 e
1 5 7 10 18 e
5 7 10 13 25 e
4 13 17 18 29 e
1 4 7 10 25 e
1 4 10 17 18 e
4 8 12 13 26 e
1 4 13 17 18 25 e
5 7 8 11 13 e
1 4 5 13 17 26 e
4 10 13 25 26 e
1 4 7 10 13 17 e
5 10 13 17 18 e
8 13 17 18 20 e
4 8 13 17 25 e
8 13 17 20 26 e
1 5 10 17 18 e
5 11 13 18 25 e
1 7 8 13 17 20 e
4 7 8 10 13 e
4 8 13 21 25 e
1 4 13 17 18 26 e
1 4 13 18 23 25 e
1 4 13 17 20 26 e
1 7 8 10 13 17 e
1 8 10 17 18 e
1 7 10 13 17 23 e
1 4 5 8 13 17 e
1 4 13 23 25 26 e
1 4 8 12 13 26 e
1 4 5 13 17 18 e
1 4 13 17 25 26 e
1 5 7 8 13 25 e
10 13 17 20 26 e
1 4 8 13 25 26 e
1 8 13 17 20 25 e
1 4 7 10 13 25 e
1 5 7 13 18 23 e
1 5 7 8 13 18 e
1 5 8 13 17 18 e
1 4 7 13 23 26 e
7 10 13 20 25 e
1 4 13 18 25 26 e
1 4 13 18 23 26 e
1 4 5 13 25 26 e
