100
0 2 6 19 e
2 5 6 19 e
0 2 17 19 e
2 5 17 19 e
2 6 9 19 e
3 13 17 19 e
2 10 12 19 e
2 10 15 19 e
2 3 6 19 e
2 12 13 19 e
2 9 17 19 e
3 6 18 19 e
2 13 17 19 e
3 5 17 19 e
2 6 13 19 e
3 6 14 19 e
5 17 18 19 e
2 6 12 19 e
0 2 6 17 e
5 14 17 19 e
2 3 13 17 e
2 3 17 19 e
1 2 3 19 e
3 5 11 19 e
2 6 15 19 e
2 5 11 19 e
2 3 5 17 e
0 2 11 19 e
0 3 6 17 e
2 5 6 17 e
5 6 9 17 e
3 17 18 19 e
5 6 7 19 e
3 6 15 19 e
3 14 17 19 e
3 5 6 17 e
3 13 15 17 e
6 9 12 19 e
0 6 7 19 e
6 9 15 19 e
6 14 15 19 e
2 3 10 17 e
3 6 12 19 e
6 12 14 19 e
0 6 14 17 e
6 12 18 19 e
6 12 13 19 e
9 12 13 17 e
2 13 15 17 e
3 12 13 17 e
2 10 17 19 e
13 14 17 19 e
2 15 17 19 e
12 13 17 19 e
2 12 13 17 e
2 6 10 19 e
6 15 18 19 e
5 6 14 17 e
1 2 12 19 e
6 8 9 19 e
2 5 6 8 e
3 6 9 17 e
2 12 17 19 e
6 13 15 19 e
12 17 18 19 e
5 9 11 17 e
0 1 2 17 e
6 9 17 19 e
2 6 9 17 e
5 6 8 19 e
3 6 12 13 e
1 2 5 17 e
3 10 17 19 e
0 2 8 17 e
2 6 13 15 e
2 3 6 17 e
2 6 8 19 e
3 6 8 19 e
2 10 12 17 e
3 8 13 17 e
0 3 11 17 e
3 15 17 19 e
2 5 11 17 e
15 17 18 19 e
2 8 13 17 e
1 3 5 17 e
0 6 13 17 e
3 15 17 18 e
1 12 13 19 e
8 9 17 19 e
0 11 17 19 e
1 2 5 6 e
3 12 17 18 e
10 12 17 18 e
8 13 17 19 e
3 6 17 19 e
9 12 17 18 e
2 3 12 19 e
2 6 15 17 e
5 8 17 19 e
