100
0 3 4 8 13 14 17 18 19 20 21 22 24 e
0 3 8 13 14 15 17 18 19 20 21 22 24 e
0 3 4 8 10 13 14 17 19 20 21 22 24 e
0 3 8 13 14 15 17 18 19 20 21 22 23 e
0 3 4 8 13 14 15 18 19 20 21 22 24 e
0 3 4 8 13 14 18 19 20 21 22 23 24 e
0 3 8 10 13 14 15 17 19 20 21 22 24 e
0 3 4 8 12 13 14 18 19 20 21 22 23 e
0 3 8 12 13 14 15 17 18 19 20 21 22 e
0 1 3 8 13 14 17 18 19 20 21 22 24 e
0 3 4 8 13 14 15 19 20 21 22 23 24 e
0 3 7 8 13 14 15 17 19 20 21 22 23 e
0 3 4 7 8 13 14 19 20 21 22 23 24 e
0 3 4 8 13 14 15 18 19 20 21 22 23 e
0 3 7 8 13 14 15 17 19 20 21 22 24 e
0 3 4 8 10 13 14 18 19 20 21 22 23 e
0 3 8 13 14 15 18 19 20 21 22 23 24 e
0 1 3 8 13 14 15 17 18 19 21 22 24 e
0 1 3 8 13 14 15 17 19 20 21 22 24 e
0 3 4 8 10 13 14 15 19 20 21 22 23 e
0 3 8 9 13 14 15 17 18 19 21 22 24 e
0 1 3 8 13 14 17 18 19 20 21 22 23 e
0 3 4 8 13 14 15 18 19 20 22 23 24 e
3 4 8 10 13 14 18 19 20 21 22 23 24 e
0 1 3 4 8 13 14 19 20 21 22 23 24 e
0 3 4 7 8 13 14 15 19 20 21 22 24 e
0 3 8 12 13 14 15 17 18 20 21 22 23 e
0 3 4 7 8 12 13 14 19 20 21 22 23 e
0 3 7 8 12 13 14 15 17 19 20 21 22 e
0 3 7 8 13 14 15 19 20 21 22 23 24 e
0 3 8 9 13 14 15 17 18 20 21 22 24 e
0 3 8 12 13 14 15 18 19 20 21 22 23 e
0 3 4 8 12 13 14 15 19 20 21 22 23 e
0 1 3 8 13 14 15 17 18 19 21 22 23 e
0 3 8 9 13 14 15 17 18 19 21 22 23 e
0 3 4 8 13 14 16 18 19 20 21 22 23 e
0 3 8 9 13 14 15 17 18 19 20 22 24 e
0 3 8 13 14 15 17 18 19 21 22 23 24 e
0 3 7 8 9 13 14 15 17 19 21 22 24 e
0 3 8 9 13 14 15 18 19 21 22 23 24 e
0 3 4 8 12 13 14 15 18 19 20 21 22 e
0 3 7 8 13 14 17 19 20 21 22 23 24 e
0 3 4 8 13 14 15 17 18 20 21 22 24 e
1 3 4 8 13 14 18 19 20 21 22 23 24 e
0 3 4 7 8 13 14 16 19 20 21 22 24 e
0 1 3 4 8 12 13 14 19 20 21 22 23 e
0 1 3 7 8 13 14 17 19 20 21 22 24 e
0 3 8 10 13 14 15 18 19 20 21 22 23 e
0 1 3 8 12 13 14 17 18 19 20 21 22 e
0 3 4 8 10 12 13 14 19 20 21 22 23 e
0 3 7 8 9 13 14 15 17 19 21 22 23 e
1 3 8 13 14 17 18 19 20 21 22 23 24 e
0 1 3 8 13 14 15 19 20 21 22 23 24 e
0 3 4 8 12 13 14 15 18 19 20 22 23 e
0 1 3 4 8 13 14 15 19 20 22 23 24 e
0 1 3 8 13 14 15 17 18 19 20 22 24 e
3 4 8 10 12 13 14 18 19 20 21 22 23 e
0 1 3 4 8 10 13 14 19 20 21 22 23 e
0 3 8 10 13 14 15 17 18 20 21 22 23 e
0 3 4 7 8 13 14 15 19 20 22 23 24 e
0 1 3 7 8 13 14 15 17 19 21 22 24 e
0 2 3 8 9 13 14 15 17 19 21 22 24 e
0 1 3 4 8 13 14 15 18 19 20 22 24 e
0 1 3 4 8 13 14 18 19 20 21 22 23 e
0 3 7 8 9 13 14 15 19 21 22 23 24 e
0 1 3 4 8 10 13 14 17 19 20 21 22 e
0 1 3 4 8 13 14 16 19 20 21 22 24 e
0 1 3 4 8 12 13 14 17 20 21 22 23 e
0 3 8 9 13 14 15 19 20 21 22 23 24 e
0 3 4 8 10 13 14 15 18 19 20 22 23 e
0 1 3 4 8 13 14 15 18 19 20 22 23 e
0 1 3 8 10 13 14 17 19 20 21 22 23 e
0 1 3 8 12 13 14 15 17 20 21 22 23 e
0 1 4 8 13 14 18 19 20 21 22 23 24 e
0 3 7 8 9 13 14 15 17 20 21 22 24 e
0 3 4 8 9 13 14 15 19 20 22 23 24 e
0 1 3 8 9 13 14 15 17 18 21 22 24 e
0 3 8 9 12 13 14 15 17 18 20 21 22 e
0 1 3 4 8 10 13 14 15 19 20 22 23 e
0 1 3 8 13 14 15 17 18 20 21 22 24 e
0 3 8 9 13 14 15 18 19 20 22 23 24 e
1 3 4 8 13 14 17 18 19 20 21 22 24 e
0 1 8 13 14 15 17 18 19 20 21 22 24 e
0 3 4 8 9 13 14 15 17 18 20 22 24 e
0 1 3 8 12 13 14 15 19 20 21 22 23 e
0 1 3 4 8 12 13 14 15 19 20 22 23 e
0 1 3 8 10 13 14 15 19 20 21 22 23 e
0 1 3 4 8 13 14 15 17 18 20 22 24 e
0 1 3 8 9 13 14 15 19 21 22 23 24 e
0 3 8 9 10 13 14 15 18 19 21 22 23 e
0 1 3 4 8 13 14 16 18 19 20 22 24 e
1 3 4 8 13 14 16 18 19 20 22 23 24 e
0 1 4 8 12 13 14 18 19 20 21 22 23 e
0 1 3 4 8 12 13 14 16 19 20 21 22 e
0 3 4 8 9 12 13 14 15 19 20 22 23 e
0 1 4 8 10 13 14 18 19 20 21 22 23 e
1 3 4 8 13 14 16 19 20 21 22 23 24 e
0 1 3 7 8 13 14 15 17 20 21 22 24 e
0 1 3 4 7 8 13 14 16 19 20 22 24 e
0 1 4 8 10 13 14 15 18 19 20 22 23 e
