100
0 1 2 4 5 7 8 9 10 11 12 13 14 15 16 17 18 20 22 23 25 26 27 28 29 e
0 1 2 4 5 7 8 9 10 11 12 13 14 15 16 17 18 19 20 22 25 26 27 28 29 e
0 1 2 4 5 8 9 10 11 12 13 14 15 16 17 18 19 20 22 25 26 27 28 29 e
0 1 2 4 5 8 9 10 11 12 13 14 15 16 18 20 22 25 26 27 28 29 e
0 1 2 3 5 8 9 10 11 12 13 14 15 16 18 20 22 25 26 27 28 29 e
0 1 2 3 5 8 9 10 11 12 13 14 15 16 18 20 22 25 26 27 28 e
0 1 2 3 4 5 8 9 10 11 12 13 14 15 16 17 18 20 22 25 26 27 28 29 e
0 1 2 3 4 5 7 8 9 10 11 12 13 14 15 16 17 18 20 22 25 26 27 28 e
0 1 2 3 4 5 8 9 10 11 12 13 14 15 16 17 18 20 22 25 26 27 28 e
0 1 2 4 5 7 8 9 10 11 12 13 14 15 16 17 18 20 22 25 26 27 28 29 e
0 1 2 3 4 5 8 9 10 11 12 13 14 15 16 18 20 22 25 26 27 28 29 e
0 1 2 5 8 9 10 11 12 13 14 15 16 18 20 22 25 26 27 28 e
0 1 2 4 5 8 9 10 11 12 13 14 15 16 17 18 20 22 25 26 27 28 29 e
0 1 2 4 5 7 8 9 10 11 12 13 14 15 16 17 18 20 22 25 26 27 28 e
0 1 2 4 5 8 9 10 11 12 13 14 15 16 17 18 20 22 25 26 27 28 e
0 1 2 5 8 9 10 11 12 13 14 15 16 18 19 20 22 25 26 27 28 29 e
0 1 2 3 4 5 8 9 10 11 12 13 14 15 16 18 20 22 25 26 27 28 e
0 1 2 4 5 8 9 10 11 12 13 14 15 16 17 18 19 20 22 24 25 26 27 28 29 e
0 1 2 5 8 9 10 11 12 13 14 15 16 18 20 22 26 27 28 29 e
0 1 2 4 5 7 8 9 10 11 12 13 14 15 16 17 18 19 20 22 23 25 26 27 28 29 e
0 1 2 4 5 7 8 9 10 11 12 13 14 15 16 17 18 20 22 23 25 26 27 28 e
0 1 2 3 5 8 9 10 11 12 13 14 15 16 18 20 22 26 27 28 e
0 1 2 4 5 8 9 11 12 13 14 15 16 17 18 20 22 25 26 27 28 e
0 1 2 5 8 9 10 11 12 13 14 15 16 18 19 20 22 24 25 26 27 28 29 e
0 1 2 4 5 8 9 10 11 12 13 14 15 16 18 20 22 25 26 27 28 e
0 1 2 5 8 9 10 11 12 13 14 15 16 18 19 20 22 24 26 27 28 29 e
0 1 2 3 5 8 9 10 11 12 13 14 15 16 18 20 22 26 27 28 29 e
0 1 2 5 8 9 10 11 12 13 14 15 16 18 19 20 22 26 27 28 29 e
0 1 2 5 8 9 10 11 12 13 14 15 16 18 20 22 26 27 28 e
0 1 2 5 8 9 10 11 12 13 14 15 16 18 20 22 25 26 27 28 29 e
0 1 2 4 5 6 7 8 9 10 11 12 13 14 15 16 17 18 20 22 23 25 26 27 28 e
0 1 2 5 8 9 10 11 12 13 14 15 16 18 20 22 25 26 27 e
0 1 2 4 5 8 9 10 11 12 13 14 15 16 18 19 20 22 24 25 26 27 28 29 e
0 1 2 5 8 9 10 11 12 13 14 15 16 18 20 22 25 26 27 29 e
0 1 2 4 5 8 9 10 11 12 13 14 15 16 18 19 20 22 25 26 27 28 29 e
0 1 2 5 8 9 10 11 12 13 14 15 16 18 20 22 26 27 e
0 1 2 4 5 7 8 9 10 11 12 13 14 16 17 18 20 22 25 26 27 28 29 e
0 1 2 4 5 8 9 10 11 12 13 14 16 17 18 20 22 25 26 27 28 e
0 1 2 4 5 8 9 10 11 12 13 14 15 16 17 18 20 22 25 26 27 29 e
0 1 2 4 5 8 9 10 11 12 13 14 15 16 18 20 22 25 26 27 e
0 1 2 8 9 10 11 12 13 14 15 16 18 20 22 26 27 28 29 e
0 1 2 4 5 7 8 9 10 11 12 13 14 15 16 17 18 20 22 25 26 27 29 e
0 1 2 4 5 8 9 10 11 12 13 14 15 16 17 18 20 22 25 26 27 e
0 1 2 4 5 8 9 11 12 13 14 15 16 17 18 20 22 25 26 27 28 29 e
0 1 2 5 8 9 10 11 12 13 14 16 18 20 22 26 27 28 e
0 1 2 4 5 8 9 11 12 13 14 15 16 18 20 22 25 26 27 28 e
0 1 2 5 8 9 10 11 12 13 14 15 16 18 20 22 26 27 29 e
0 1 2 4 5 8 9 10 11 12 13 14 16 18 20 22 25 26 27 28 e
0 1 2 4 5 7 8 9 10 11 12 13 14 15 16 17 18 20 22 25 26 27 e
0 1 2 4 5 8 9 11 12 13 14 15 16 18 20 22 25 26 27 28 29 e
0 1 2 3 5 8 9 10 11 12 13 14 16 18 20 22 26 27 28 e
0 1 2 4 5 8 9 10 11 12 13 14 16 17 18 20 22 25 26 27 28 29 e
0 1 2 4 5 8 9 10 11 12 13 14 15 16 18 20 22 25 26 27 29 e
0 1 2 5 8 9 10 11 12 13 14 15 16 18 19 20 22 26 27 29 e
0 1 2 4 5 7 8 9 10 11 12 13 14 15 16 17 18 20 22 23 25 26 27 e
0 1 2 4 5 7 8 9 10 11 12 13 14 16 17 18 20 22 25 26 27 28 e
0 1 2 5 8 9 10 11 12 13 14 16 18 20 22 25 26 27 28 29 e
0 1 2 4 5 7 8 9 10 11 12 13 14 16 17 18 20 22 23 25 26 27 28 e
0 1 2 5 8 9 11 12 13 14 15 16 18 20 22 25 26 27 28 e
0 1 2 8 9 10 11 12 13 14 15 16 18 20 22 26 27 28 e
0 1 2 4 5 7 9 10 11 12 13 14 15 16 17 18 20 22 23 25 26 27 28 e
0 1 2 3 4 5 9 10 11 13 14 15 16 17 18 20 22 25 26 27 28 e
0 1 2 5 8 9 11 12 13 14 15 16 18 20 22 26 27 28 29 e
0 1 2 5 8 9 11 12 13 14 15 16 18 20 22 26 27 28 e
0 1 2 5 9 10 11 13 14 15 16 18 20 22 25 26 27 28 e
0 1 2 5 8 9 10 11 12 13 14 16 18 20 22 26 27 28 29 e
0 1 2 4 5 7 9 10 11 13 14 15 16 17 18 20 22 25 26 27 28 e
0 1 2 5 8 9 10 11 12 13 14 16 18 20 22 25 26 27 28 e
0 1 2 5 8 9 11 12 14 15 16 18 20 22 26 27 28 e
0 1 2 4 5 9 10 11 12 13 14 15 16 17 18 20 22 25 26 27 28 e
0 1 2 4 5 9 10 11 13 14 15 16 17 18 20 22 25 26 27 28 e
0 1 2 5 8 9 11 12 13 14 15 16 18 20 22 25 26 27 28 29 e
0 1 2 4 5 8 9 10 11 12 13 14 16 18 20 22 25 26 27 28 29 e
0 1 2 5 8 9 10 11 12 13 14 16 18 20 22 26 27 e
0 1 2 5 8 9 10 11 12 13 14 16 18 19 20 22 26 27 28 29 e
0 1 2 4 5 7 9 10 11 12 13 14 15 16 17 18 20 22 25 26 27 28 e
0 1 2 5 9 10 11 12 13 14 15 16 18 20 22 26 27 28 e
0 1 2 3 4 5 9 10 11 13 14 15 16 18 20 22 25 26 27 28 e
0 1 2 5 9 10 11 13 14 16 18 20 22 25 26 27 28 e
0 1 2 4 5 9 10 11 12 13 14 15 16 18 20 22 25 26 27 28 e
0 1 2 4 5 7 9 10 11 13 14 15 16 17 18 20 22 23 25 26 27 28 e
0 1 2 5 9 10 11 13 14 15 16 18 20 22 26 27 28 e
0 1 2 5 9 10 11 12 13 14 15 16 18 20 22 25 26 27 28 e
0 1 2 3 5 9 10 11 13 14 15 16 18 20 22 26 27 28 e
0 1 2 4 5 7 9 10 11 13 14 16 17 18 20 22 25 26 27 28 e
0 1 2 4 5 9 10 11 13 14 16 17 18 20 22 25 26 27 28 e
0 1 2 4 5 9 10 11 13 14 15 16 18 20 22 25 26 27 28 e
0 1 2 4 5 7 9 10 11 13 14 16 17 18 20 22 23 25 26 27 28 e
0 1 2 4 5 9 10 11 13 14 15 16 17 18 20 22 25 26 27 e
0 1 2 4 5 9 10 11 12 13 14 16 17 18 20 22 25 26 27 28 e
0 1 2 5 8 9 11 12 14 15 16 18 20 22 26 27 28 29 e
0 1 2 9 10 11 13 14 15 16 18 20 22 26 27 28 e
0 1 2 5 9 10 11 13 14 16 18 20 22 26 27 28 e
0 1 2 4 5 7 9 10 13 14 15 16 17 18 20 22 25 26 27 28 e
0 1 2 5 9 10 11 12 13 14 16 18 20 22 26 27 28 e
0 1 2 5 9 10 11 13 14 15 16 18 20 22 26 27 e
0 1 2 4 5 9 10 11 12 13 14 16 18 20 22 25 26 27 28 e
0 1 2 4 5 9 10 11 13 14 16 18 20 22 25 26 27 28 e
0 1 2 4 5 9 10 13 14 15 16 17 18 20 22 25 26 27 28 e
0 1 2 4 5 9 10 11 13 14 15 16 18 20 22 25 26 27 e
