100
1 2 3 7 8 10 20 e
1 2 3 7 8 12 20 e
1 2 3 7 8 12 13 e
1 2 3 7 8 13 20 e
1 2 3 7 9 10 20 e
1 2 3 7 9 10 12 e
1 2 3 7 9 12 20 e
1 2 3 7 8 10 13 e
1 2 3 7 8 10 11 e
1 2 3 7 8 10 18 e
1 2 3 7 8 13 14 e
2 3 6 7 8 9 12 13 14 e
1 2 3 7 8 10 16 e
1 2 3 7 8 12 16 e
1 2 3 7 9 13 20 e
1 2 3 7 8 16 20 e
1 2 3 7 8 11 13 e
1 2 3 8 9 13 14 e
2 3 6 7 8 9 13 14 21 e
1 2 3 8 9 13 20 e
1 2 3 7 8 13 16 e
1 2 3 7 9 16 20 e
1 2 3 7 9 12 16 e
1 2 3 7 9 10 11 e
1 2 3 7 9 13 14 e
1 2 3 7 8 11 16 e
1 2 3 7 8 12 13 20 e
1 2 3 4 8 12 20 e
1 2 3 4 8 13 20 e
1 2 3 4 7 12 20 e
1 2 3 7 8 10 11 20 e
1 2 3 4 7 13 20 e
1 2 3 7 9 10 12 20 e
1 2 3 7 8 12 13 14 e
1 2 3 7 8 10 13 20 e
1 2 3 7 9 11 13 e
1 2 3 7 8 10 18 20 e
1 2 3 7 8 12 16 20 e
1 2 3 7 8 10 13 14 e
1 2 3 7 8 10 16 20 e
1 2 3 7 8 9 e
1 2 3 4 8 12 13 e
1 2 3 7 8 13 14 20 e
1 2 3 7 8 10 13 18 e
1 2 3 7 8 10 11 13 e
1 2 3 6 7 10 20 e
1 2 3 4 7 12 18 e
1 2 3 7 9 13 14 20 e
1 2 3 7 8 11 13 14 e
1 2 3 7 9 10 11 20 e
1 2 3 7 8 13 14 21 e
2 3 6 7 8 9 13 14 19 21 e
1 2 3 7 8 10 16 18 e
1 2 3 7 8 12 13 16 e
1 2 3 6 8 12 20 e
1 2 3 7 8 13 16 20 e
1 2 3 4 7 8 e
1 2 3 7 8 10 11 18 e
1 2 3 7 8 10 13 16 e
1 2 3 7 9 12 16 20 e
1 2 3 7 8 13 14 16 e
1 2 3 8 9 13 14 20 e
1 2 3 7 9 10 12 16 e
1 2 3 6 7 12 20 e
1 2 3 7 8 11 16 20 e
1 2 3 7 8 11 12 16 e
1 2 4 7 8 9 10 12 20 e
1 2 3 7 8 10 11 16 e
1 2 3 7 9 13 14 21 e
1 2 3 8 9 13 14 21 e
1 2 3 4 8 9 e
1 2 4 7 8 9 10 11 12 e
1 2 3 7 9 11 13 14 e
1 2 3 4 7 9 e
1 2 3 7 9 13 16 20 e
1 2 3 7 8 9 12 e
1 2 3 7 8 11 13 16 e
1 2 3 7 9 11 16 20 e
1 2 3 7 9 10 11 18 e
1 2 3 7 8 10 13 16 20 e
1 2 3 7 8 9 20 e
1 2 3 7 8 9 10 e
1 2 3 6 7 8 e
1 2 3 7 8 10 13 18 20 e
1 2 3 7 8 9 13 e
1 2 3 7 8 12 13 14 21 e
1 2 3 4 8 13 14 21 e
1 2 3 7 8 12 13 14 16 e
1 2 3 7 9 10 12 16 20 e
1 2 3 7 8 12 13 16 20 e
1 2 3 7 8 10 13 14 18 e
1 2 3 5 9 17 20 e
1 2 3 4 7 8 10 e
1 2 3 4 7 8 20 e
1 2 3 7 8 10 16 18 20 e
2 3 6 7 8 9 13 14 19 20 21 e
1 2 3 7 8 9 16 e
1 2 3 7 8 9 11 e
1 2 3 5 7 9 e
1 2 3 5 8 9 e
