100
1 3 4 5 7 8 12 15 17 18 19 22 24 e
1 3 4 5 7 8 15 17 19 20 21 22 24 e
1 3 4 5 7 8 15 17 18 19 20 22 24 e
1 3 4 5 7 8 12 15 17 19 20 22 24 e
1 3 4 5 7 8 15 17 18 19 21 22 24 e
1 3 5 7 8 15 17 18 19 20 21 22 24 e
3 4 5 7 8 12 15 17 18 19 20 22 24 e
3 4 5 6 7 8 12 15 17 18 19 22 24 e
3 4 5 6 7 8 12 15 17 19 20 22 24 e
3 4 5 7 8 15 17 18 19 20 21 22 24 e
1 3 5 6 7 8 15 17 18 19 21 22 24 e
1 2 3 5 7 8 15 17 18 19 20 22 24 e
3 4 5 6 7 8 15 17 19 20 21 22 24 e
3 4 5 6 7 8 15 17 18 19 20 22 24 e
1 2 3 4 5 7 8 15 17 19 20 22 24 e
1 3 4 5 7 8 9 15 17 18 19 22 24 e
1 3 5 7 8 9 15 17 19 20 21 22 24 e
1 3 4 5 7 8 15 17 18 19 20 21 24 e
1 3 4 5 7 8 12 15 17 19 20 21 24 e
2 3 4 5 7 8 15 17 18 19 20 22 24 e
1 4 5 6 7 8 15 17 18 19 20 22 24 e
1 3 4 5 6 7 8 15 17 18 19 21 24 e
3 5 6 7 8 15 17 18 19 20 21 22 24 e
1 3 5 6 7 8 15 17 18 19 20 22 24 e
1 2 3 5 7 8 15 17 19 20 21 22 24 e
1 3 5 7 8 9 15 17 18 19 21 22 24 e
3 4 5 6 7 8 15 17 18 19 21 22 24 e
1 3 4 5 7 8 12 15 17 18 19 21 24 e
1 2 3 4 7 8 15 17 18 19 20 22 24 e
1 3 4 5 7 8 12 15 17 18 19 20 24 e
1 2 3 4 5 7 8 15 17 18 19 22 24 e
1 3 4 7 8 9 12 15 17 19 20 22 24 e
1 3 4 5 6 7 8 15 17 18 19 22 24 e
1 3 4 7 8 9 15 17 19 20 21 22 24 e
1 3 5 7 8 9 15 17 18 19 20 22 24 e
1 2 4 5 7 8 15 17 18 19 20 22 24 e
1 3 4 5 7 8 15 17 18 20 21 22 24 e
2 3 5 6 7 8 15 17 18 19 20 22 24 e
4 5 6 7 8 12 15 17 18 19 20 22 24 e
1 3 4 5 7 8 9 15 17 19 20 21 24 e
1 3 4 5 7 8 9 15 17 18 19 21 24 e
3 4 5 7 8 12 15 17 19 20 21 22 24 e
1 2 3 4 5 7 8 15 17 18 20 22 24 e
1 3 4 7 8 12 15 17 19 20 21 22 24 e
1 3 4 7 8 12 15 17 18 19 20 22 24 e
1 2 3 5 7 8 9 15 17 19 20 22 24 e
1 3 4 5 7 8 11 12 15 17 19 20 24 e
3 4 5 7 8 11 12 15 17 19 20 22 24 e
1 3 4 7 8 9 15 17 18 19 20 22 24 e
2 3 4 5 6 7 8 15 17 19 20 22 24 e
1 3 4 7 8 9 12 15 17 18 19 22 24 e
1 2 3 5 7 8 9 15 17 18 19 22 24 e
1 3 4 5 7 8 11 12 15 17 18 19 24 e
1 2 3 5 7 8 15 17 18 19 21 22 24 e
1 3 5 7 8 14 15 17 18 19 20 22 24 e
1 3 4 7 8 12 15 17 18 19 21 22 24 e
1 3 4 7 8 11 12 15 17 18 19 22 24 e
1 2 3 4 5 7 8 12 15 17 18 22 24 e
1 3 4 5 7 8 12 14 15 17 18 19 24 e
3 4 5 7 8 11 12 15 17 18 19 22 24 e
1 2 3 4 5 7 8 15 17 20 21 22 24 e
1 3 4 7 8 11 12 15 17 19 20 22 24 e
1 3 4 7 8 9 15 17 18 19 21 22 24 e
1 2 3 4 7 8 9 15 17 19 20 22 24 e
1 2 3 4 5 7 8 12 15 17 20 22 24 e
1 2 3 4 7 8 9 15 17 18 19 22 24 e
1 2 3 4 5 7 8 15 17 18 21 22 24 e
1 2 3 5 6 7 8 15 17 18 19 22 24 e
1 3 4 5 7 8 12 15 17 20 21 22 24 e
2 3 5 6 7 8 15 17 18 19 21 22 24 e
2 3 4 6 7 8 15 17 18 19 20 22 24 e
2 3 4 5 7 8 12 15 17 19 20 22 24 e
1 3 4 5 7 8 12 15 17 18 21 22 24 e
1 3 4 5 7 8 12 15 17 19 21 22 24 e
3 4 7 8 12 15 17 18 19 20 21 22 24 e
1 2 3 4 7 8 15 17 19 20 21 22 24 e
1 2 5 6 7 8 12 15 17 18 19 22 24 e
1 2 3 7 8 9 15 17 18 19 20 22 24 e
1 3 4 5 7 8 11 12 15 17 19 22 24 e
1 2 4 6 7 8 15 17 18 19 20 22 24 e
1 3 4 7 8 9 12 15 17 18 19 20 24 e
1 2 3 7 8 9 15 17 19 20 21 22 24 e
1 3 4 5 7 8 11 12 15 17 20 22 24 e
1 2 3 4 7 8 12 15 17 19 20 22 24 e
4 5 6 7 8 12 15 17 19 20 21 22 24 e
1 2 3 5 7 8 15 17 18 20 22 23 24 e
1 3 4 5 7 8 11 12 15 17 18 22 24 e
1 2 3 6 7 8 15 17 18 19 20 22 24 e
1 2 3 7 8 9 15 17 18 19 21 22 24 e
1 2 3 4 7 8 12 15 17 18 19 22 24 e
1 3 4 7 8 11 12 15 17 19 20 21 24 e
1 3 4 7 8 11 12 15 17 18 19 21 24 e
3 4 5 7 8 11 12 15 17 19 20 21 24 e
2 3 6 7 8 15 17 18 19 20 21 22 24 e
1 3 4 5 7 8 12 14 15 17 18 19 20 e
1 2 3 5 7 8 9 15 17 18 22 23 24 e
4 5 6 7 8 11 12 15 17 19 20 22 24 e
2 3 4 5 7 8 12 15 17 20 21 22 24 e
1 2 3 5 6 7 8 15 17 19 20 22 24 e
2 3 5 6 7 8 15 17 19 20 21 22 24 e
