100
3 5 7 8 10 12 13 14 e
3 5 7 8 10 11 12 14 e
3 5 7 8 11 12 13 14 e
3 5 7 8 9 10 12 14 e
1 3 5 7 8 10 12 13 e
0 3 5 7 8 12 13 14 e
1 3 5 7 8 12 13 14 e
3 6 7 8 10 12 13 14 e
1 3 5 7 8 10 12 14 e
3 5 7 8 9 12 13 14 e
1 3 5 8 10 12 13 14 e
1 3 7 8 10 12 13 14 e
5 7 8 10 11 12 13 14 e
3 5 7 8 9 10 12 13 e
0 3 5 7 8 10 12 13 e
3 5 8 10 11 12 13 14 e
1 3 7 8 10 11 12 14 e
3 6 7 8 10 11 12 14 e
3 4 5 7 8 10 12 13 e
1 3 5 7 10 12 13 14 e
1 5 7 8 10 12 13 14 e
3 7 8 10 11 12 13 14 e
1 3 7 8 10 11 12 13 e
3 5 8 9 10 12 13 14 e
3 5 6 7 8 10 12 13 e
3 4 5 7 8 12 13 14 e
3 5 6 8 10 12 13 14 e
3 4 7 8 10 12 13 14 e
1 3 7 8 11 12 13 14 e
3 5 6 7 10 12 13 14 e
3 5 6 7 8 12 13 14 e
3 6 7 8 10 11 12 13 e
3 6 7 8 11 12 13 14 e
5 7 8 9 10 12 13 14 e
0 3 5 8 10 12 13 14 e
0 3 5 7 8 11 12 14 e
1 3 5 8 10 11 12 14 e
0 3 5 7 8 10 12 14 e
2 3 5 7 8 12 13 14 e
0 3 6 7 8 12 13 14 e
3 7 8 9 10 12 13 14 e
3 5 6 7 8 10 12 14 e
3 4 5 7 8 10 12 14 e
2 3 5 7 8 10 12 13 e
3 4 5 8 10 12 13 14 e
0 1 3 7 8 12 13 14 e
3 4 7 8 10 11 12 14 e
0 3 5 7 8 11 12 13 e
1 3 5 7 8 11 12 14 e
2 3 7 8 10 12 13 14 e
1 3 6 7 8 12 13 14 e
3 5 7 10 11 12 13 14 e
1 3 7 8 9 10 12 13 e
1 3 6 7 8 10 12 13 e
3 5 6 8 10 11 12 14 e
0 5 7 8 10 12 13 14 e
3 4 5 7 10 12 13 14 e
1 3 7 8 9 12 13 14 e
1 7 8 10 11 12 13 14 e
2 3 5 8 10 12 13 14 e
3 4 7 8 10 11 12 13 e
1 3 5 8 10 11 12 13 e
1 3 5 8 11 12 13 14 e
0 1 3 7 8 10 12 13 e
5 6 7 8 10 12 13 14 e
0 3 5 7 8 10 11 12 e
1 3 5 7 8 10 13 14 e
6 7 8 10 11 12 13 14 e
3 4 7 8 11 12 13 14 e
3 5 6 7 10 11 12 13 e
1 3 5 7 8 10 11 12 e
0 3 6 7 8 10 12 13 e
1 3 6 7 8 10 12 14 e
4 5 7 8 10 12 13 14 e
3 6 7 8 9 12 13 14 e
1 3 6 8 10 12 13 14 e
3 5 6 7 8 10 13 14 e
0 1 3 5 8 10 12 13 e
0 1 3 5 7 8 12 13 e
3 5 6 8 10 11 12 13 e
2 5 7 8 10 12 13 14 e
3 5 7 8 10 11 12 13 e
0 5 7 8 11 12 13 14 e
3 5 6 7 11 12 13 14 e
0 1 3 5 7 12 13 14 e
3 5 6 8 11 12 13 14 e
3 5 6 7 10 11 12 14 e
1 3 4 7 8 12 13 14 e
0 3 5 6 8 12 13 14 e
2 3 5 7 10 12 13 14 e
0 1 3 5 7 10 12 13 e
0 5 7 8 10 11 12 14 e
1 3 6 7 10 12 13 14 e
1 3 5 6 8 12 13 14 e
3 4 5 7 8 10 13 14 e
1 3 5 6 7 12 13 14 e
3 4 6 7 8 12 13 14 e
0 1 3 7 8 11 12 13 e
3 5 6 7 8 10 11 12 e
0 3 4 5 7 8 12 13 e
