100
0 1 4 8 9 11 13 14 e
0 1 8 9 10 11 13 14 e
0 1 4 8 10 11 13 14 e
0 1 4 6 8 9 11 14 e
0 1 6 8 9 10 11 14 e
0 1 5 8 9 11 13 14 e
1 4 8 9 10 11 13 14 e
0 1 4 6 8 10 11 14 e
0 1 2 4 8 9 13 14 e
0 1 4 8 9 11 12 14 e
0 1 4 8 9 10 13 14 e
0 1 5 8 10 11 13 14 e
0 1 8 9 10 11 12 14 e
0 2 8 9 10 11 13 14 e
0 1 7 8 9 10 11 14 e
0 1 4 6 8 9 10 14 e
0 1 4 7 8 9 11 14 e
0 1 5 8 9 10 13 14 e
0 1 5 6 8 9 11 14 e
0 1 2 8 9 10 13 14 e
0 1 2 9 10 11 13 14 e
0 2 4 8 9 11 13 14 e
1 5 8 9 10 11 13 14 e
0 1 5 6 8 10 11 14 e
0 1 4 8 10 11 12 14 e
0 1 3 8 9 11 13 14 e
0 1 3 8 10 11 13 14 e
0 1 4 9 10 11 13 14 e
0 2 4 8 9 10 13 14 e
0 4 8 9 10 11 13 14 e
1 4 6 8 9 10 11 14 e
0 1 2 5 8 9 13 14 e
0 1 4 7 8 10 11 14 e
0 1 2 4 8 10 13 14 e
1 2 4 8 9 10 13 14 e
1 2 8 9 10 11 13 14 e
0 1 3 4 8 9 13 14 e
1 4 7 8 9 10 11 14 e
0 1 2 8 10 11 13 14 e
0 1 4 8 9 10 12 14 e
0 1 2 4 6 8 9 14 e
0 1 2 4 10 11 13 14 e
0 1 3 8 9 10 13 14 e
0 1 5 7 8 9 11 14 e
0 1 3 4 8 10 13 14 e
0 2 6 8 9 10 11 14 e
0 2 4 8 10 11 13 14 e
0 1 4 6 9 10 11 14 e
0 1 2 6 9 10 11 14 e
0 1 2 4 8 9 12 14 e
0 1 2 8 9 10 11 14 e
0 1 5 9 10 11 13 14 e
0 1 2 4 8 9 11 14 e
0 1 4 7 9 10 11 14 e
0 1 2 8 9 10 11 13 e
1 5 6 8 9 10 11 14 e
0 1 2 4 6 8 10 14 e
0 1 2 4 8 10 11 14 e
0 4 6 8 9 10 11 14 e
0 1 2 6 8 9 10 14 e
0 4 7 8 9 10 11 14 e
0 1 2 5 6 8 9 14 e
0 2 4 6 8 10 11 14 e
0 1 5 8 9 10 12 14 e
0 2 4 6 8 9 10 14 e
0 1 5 7 8 10 11 14 e
1 2 5 8 9 10 13 14 e
0 1 5 8 9 10 11 13 e
0 2 5 8 9 10 13 14 e
0 1 3 4 6 8 10 14 e
0 1 2 4 6 9 10 14 e
1 2 4 6 8 9 10 14 e
0 1 2 6 8 9 11 14 e
0 1 2 8 9 10 12 14 e
0 2 7 8 9 10 11 14 e
1 5 7 8 9 10 11 14 e
0 1 3 4 6 8 9 14 e
1 2 4 8 9 10 11 14 e
0 1 2 4 6 8 9 11 e
0 1 3 4 8 9 11 13 e
0 1 2 4 8 11 13 14 e
0 1 2 4 8 10 12 14 e
0 1 2 9 10 11 12 14 e
1 2 4 8 9 10 12 14 e
0 5 8 9 10 11 13 14 e
0 1 2 4 7 8 9 14 e
0 2 4 7 8 9 11 14 e
0 1 2 7 9 10 11 14 e
0 1 3 7 8 9 11 14 e
1 2 5 6 8 9 10 14 e
0 1 2 5 8 9 11 14 e
0 1 3 4 8 9 12 14 e
0 2 4 7 8 10 11 14 e
0 2 5 6 8 9 10 14 e
0 1 3 9 10 11 13 14 e
0 1 2 5 8 10 11 14 e
1 2 5 8 9 10 11 14 e
2 4 7 8 9 10 11 14 e
0 1 3 4 8 10 12 14 e
1 2 4 7 9 10 11 14 e
