100
2 4 5 6 8 9 10 11 14 16 e
0 2 4 5 6 10 11 13 14 16 e
2 4 5 6 8 10 11 13 14 16 e
2 4 5 6 7 8 10 13 14 16 e
2 4 5 6 8 10 11 13 14 19 e
2 4 5 6 7 10 11 13 14 16 e
2 5 6 8 10 11 13 14 16 19 e
2 4 5 7 8 10 11 13 14 16 e
2 4 5 6 7 8 10 11 13 14 e
2 4 5 6 10 11 13 14 16 19 e
0 2 4 5 6 8 10 11 13 14 e
0 2 4 5 6 8 9 10 14 16 e
0 2 4 5 6 8 10 13 14 16 e
2 4 5 6 7 8 9 10 14 16 e
0 2 5 6 10 11 13 14 16 19 e
0 2 4 6 8 9 10 11 14 16 e
2 4 5 6 8 10 13 14 16 19 e
0 2 4 5 6 10 13 14 16 19 e
0 2 4 5 8 10 11 13 14 16 e
2 4 5 6 7 8 9 10 11 14 e
0 2 4 6 7 8 9 10 14 16 e
0 2 4 5 6 8 9 10 11 14 e
2 4 6 8 10 11 13 14 16 19 e
0 2 4 5 7 10 11 13 14 16 e
0 2 5 6 8 10 11 13 14 16 e
2 4 6 7 8 9 10 11 14 16 e
0 2 4 5 6 7 10 13 14 16 e
0 2 4 5 6 8 10 13 14 19 e
0 2 4 5 8 9 10 11 14 16 e
2 4 6 7 8 10 11 13 14 16 e
0 2 4 5 6 10 11 13 14 19 e
0 2 4 5 7 8 10 13 14 16 e
0 2 5 6 8 10 13 14 16 19 e
0 2 4 5 6 7 8 9 10 14 e
2 4 5 6 7 10 13 14 16 19 e
0 2 4 5 9 10 11 13 14 16 e
2 4 5 6 7 8 10 13 14 19 e
0 2 4 5 6 7 8 10 13 14 e
2 4 5 6 9 10 11 13 14 16 e
2 4 5 6 8 9 10 11 13 14 e
0 2 5 6 8 10 11 13 14 19 e
0 2 4 5 8 9 10 11 13 14 e
0 2 5 6 8 9 10 11 13 14 e
2 4 5 6 8 9 11 13 14 16 e
0 2 4 5 7 8 10 11 13 14 e
2 4 5 6 8 11 13 14 16 19 e
2 4 5 7 8 9 11 13 14 16 e
2 4 5 6 7 8 9 10 14 19 e
2 4 6 7 8 10 13 14 16 19 e
2 4 6 7 8 10 11 13 14 19 e
2 4 5 6 7 8 11 13 14 16 e
2 4 6 7 8 9 10 14 16 19 e
2 4 5 6 7 10 11 13 14 19 e
2 4 5 6 7 8 10 11 14 16 e
0 2 4 5 6 8 11 13 14 16 e
2 5 6 8 9 10 11 13 14 19 e
0 2 4 5 8 9 11 13 14 16 e
2 4 5 7 8 10 11 13 14 17 e
4 5 6 8 9 10 11 13 14 16 e
0 2 4 5 6 9 11 13 14 16 e
2 4 5 6 7 8 9 11 14 16 e
4 5 7 8 9 10 11 13 14 16 e
0 4 5 6 9 10 11 13 14 16 e
0 2 4 5 6 8 9 13 14 16 e
2 4 5 8 10 11 13 14 16 17 e
2 5 6 8 9 11 13 14 16 19 e
2 4 5 6 7 8 10 13 14 17 e
0 2 5 6 8 9 11 13 14 16 e
2 4 5 6 8 10 11 13 14 17 e
2 4 5 6 7 9 11 13 14 16 e
2 4 5 6 7 8 13 14 16 19 e
0 4 5 6 8 10 11 13 14 16 e
0 4 5 6 8 9 10 11 14 16 e
2 4 5 6 9 11 13 14 16 19 e
0 2 4 5 6 8 9 11 13 14 e
2 4 6 7 8 10 11 13 14 17 e
2 5 6 8 10 11 13 14 17 19 e
2 4 6 8 10 11 13 14 16 17 e
0 4 5 8 9 10 11 13 14 16 e
0 2 4 5 7 9 11 13 14 16 e
4 5 6 7 9 10 11 13 14 16 e
2 4 6 7 8 9 11 13 14 16 e
2 4 5 6 8 10 13 14 16 17 e
0 5 6 8 9 10 11 13 14 16 e
4 5 6 8 9 10 13 14 16 19 e
0 2 4 5 7 8 9 13 14 16 e
0 2 5 6 8 10 11 13 14 17 e
2 4 6 8 10 11 13 14 17 19 e
2 4 5 6 8 11 13 14 16 17 e
0 4 5 6 7 9 10 13 14 16 e
0 2 4 5 6 8 10 13 14 17 e
0 2 4 5 6 7 9 13 14 16 e
4 5 6 8 10 11 13 14 16 17 e
0 5 6 9 10 11 13 14 16 19 e
2 4 5 6 8 9 13 14 16 19 e
0 4 5 6 9 10 13 14 16 19 e
4 6 7 8 9 10 11 13 14 16 e
0 2 4 5 6 9 13 14 16 19 e
2 4 5 6 8 9 11 13 14 17 e
2 4 5 6 7 8 9 13 14 16 e
