100
1 2 5 7 8 10 12 e
1 2 5 7 8 10 15 e
1 2 5 7 8 10 13 e
1 2 5 7 8 12 15 e
1 2 4 7 8 10 16 e
1 2 4 7 8 10 12 e
1 2 5 7 8 13 15 e
1 2 4 7 8 10 15 e
1 2 4 7 8 10 14 e
1 2 4 7 8 10 13 e
1 2 4 7 8 15 16 e
1 2 4 7 8 12 15 e
1 2 4 7 8 12 14 e
1 2 4 7 8 14 16 e
1 2 3 7 8 10 15 e
1 2 4 7 8 14 15 e
1 2 3 7 8 10 12 e
1 2 4 7 8 13 16 e
1 2 5 7 8 10 12 15 e
1 2 4 7 8 13 15 e
1 2 3 7 8 10 13 e
1 2 3 7 8 10 16 e
1 2 4 5 8 10 16 e
1 2 4 5 7 e
1 2 4 7 8 13 14 e
1 2 5 7 8 10 13 15 e
1 2 4 7 12 14 15 e
1 2 3 5 7 e
1 2 3 7 8 15 16 e
1 2 4 5 8 10 15 e
1 2 3 7 8 12 15 e
1 2 3 7 8 13 15 e
1 2 4 7 13 14 15 e
1 2 4 7 8 10 12 14 e
1 2 4 7 13 15 16 e
1 2 4 7 14 15 16 e
1 2 3 7 8 12 16 e
1 2 4 7 13 14 16 e
1 2 4 5 8 14 16 e
1 2 4 5 8 15 16 e
1 2 4 7 8 10 12 15 e
1 2 4 7 8 10 15 16 e
1 2 3 7 8 11 16 e
1 2 4 7 8 10 14 16 e
1 2 4 7 8 10 13 16 e
1 2 3 7 8 12 13 e
1 2 3 5 8 15 16 e
1 2 4 7 8 10 13 15 e
1 2 3 7 8 11 12 e
1 2 4 5 7 8 e
1 2 4 7 8 10 14 15 e
1 2 3 7 12 15 16 e
1 2 3 5 7 8 e
1 2 4 7 8 10 13 14 e
1 2 5 6 7 e
1 2 3 4 7 e
1 2 3 7 8 10 15 16 e
1 2 3 5 8 12 15 e
1 2 4 5 14 15 16 e
1 2 4 7 8 12 14 15 e
1 2 3 5 8 11 16 e
1 2 3 5 8 12 16 e
1 2 3 5 8 11 12 e
1 2 4 7 8 13 14 16 e
1 2 4 7 8 13 15 16 e
1 2 3 7 12 13 15 e
1 2 4 7 8 14 15 16 e
1 2 3 7 8 10 13 15 e
1 2 4 7 8 13 14 15 e
1 2 4 5 7 12 e
1 2 4 5 7 16 e
1 2 3 5 7 15 e
1 2 4 5 7 13 e
1 2 4 5 7 15 e
1 2 3 7 11 15 16 e
1 2 4 5 7 14 e
1 2 3 7 11 12 15 e
1 2 3 5 7 16 e
1 2 3 7 11 12 16 e
1 2 3 7 8 11 15 16 e
1 2 3 4 5 e
1 2 3 7 11 12 13 e
1 2 3 5 7 12 e
1 2 3 5 7 13 e
1 2 3 4 8 14 16 e
1 2 3 5 11 15 16 e
1 2 3 4 7 8 e
1 2 3 4 8 11 12 e
1 2 3 4 8 12 15 e
1 2 3 6 7 e
1 2 3 5 12 15 16 e
1 2 4 5 7 8 10 e
1 2 3 7 8 12 15 16 e
1 2 3 7 8 11 12 15 e
1 2 4 5 7 8 12 e
1 2 4 5 7 8 13 e
1 2 4 5 7 8 16 e
1 2 4 5 7 8 15 e
1 2 3 5 7 8 12 e
1 2 3 5 7 8 16 e
