100
0 1 2 3 7 14 15 20 21 22 28 29 e
0 1 2 3 7 15 18 20 21 22 28 29 e
0 1 2 3 6 7 21 22 e
0 1 2 3 7 10 21 22 e
0 1 2 3 7 10 22 29 e
0 1 2 3 6 7 21 22 29 e
0 1 2 3 7 11 21 22 e
0 1 2 3 6 7 22 28 29 e
0 1 2 3 7 10 21 22 29 e
0 1 2 3 10 15 18 19 21 22 28 29 e
0 1 2 3 7 10 22 28 29 e
0 1 2 3 6 7 28 29 e
0 1 2 3 7 11 19 22 e
0 1 2 3 10 15 19 20 21 22 28 29 e
0 1 2 3 6 15 18 20 21 22 28 29 e
0 1 2 3 10 14 15 20 21 22 28 29 e
0 1 2 3 7 10 28 29 e
0 1 2 3 10 15 18 20 21 22 28 29 e
1 2 3 7 10 11 13 14 15 18 19 21 22 28 e
0 1 2 3 6 14 15 20 21 22 28 29 e
0 1 2 3 7 14 15 18 20 21 22 28 29 e
0 1 2 3 7 10 13 22 e
0 1 2 3 10 13 15 20 21 22 28 29 e
0 1 2 3 7 10 21 22 28 29 e
0 1 2 3 6 10 22 29 e
0 1 2 3 6 10 21 22 e
0 1 2 3 10 14 19 20 21 22 28 29 e
0 1 2 3 6 7 22 29 e
0 1 2 3 10 13 15 18 21 22 28 29 e
0 1 2 3 10 13 15 19 21 22 28 29 e
0 1 2 3 6 10 21 22 28 e
0 1 2 3 7 11 28 29 e
0 1 2 3 6 10 22 28 e
1 2 3 6 7 11 15 18 19 20 21 22 28 29 e
0 1 2 3 6 7 21 22 28 29 e
1 2 3 6 7 10 11 19 21 22 28 e
0 1 2 3 7 11 19 21 22 e
0 1 2 3 7 11 21 22 29 e
0 1 2 3 7 11 22 28 29 e
0 1 2 3 6 10 19 22 e
0 1 2 3 7 10 13 21 22 e
0 1 2 3 6 7 15 21 22 29 e
0 1 2 3 10 13 19 20 21 22 28 29 e
0 1 2 3 7 10 13 22 29 e
0 1 2 3 7 11 19 25 e
0 1 2 3 6 10 21 22 29 e
1 2 3 6 7 11 14 15 18 20 21 22 28 29 e
0 1 2 3 7 11 22 29 e
0 1 2 3 7 11 19 22 29 e
0 1 2 3 7 11 19 29 e
0 1 2 3 6 12 28 29 e
0 1 2 3 6 7 20 28 29 e
0 1 2 3 6 10 28 29 e
0 1 2 3 7 11 21 22 28 29 e
0 1 2 3 7 10 13 29 e
0 1 2 3 6 10 19 29 e
0 1 2 3 7 10 13 17 e
0 1 2 3 6 14 15 18 20 21 22 28 29 e
0 1 2 3 6 7 15 18 21 22 e
0 1 2 3 7 11 19 21 22 29 e
0 1 2 3 6 7 20 22 28 29 e
0 1 2 3 6 10 13 19 e
0 1 2 3 7 10 20 28 29 e
0 1 2 3 7 15 20 21 22 28 29 e
0 1 2 3 7 10 13 28 29 e
0 1 2 3 6 10 13 29 e
0 1 2 3 7 11 19 25 29 e
0 1 2 3 6 15 18 21 22 28 29 e
0 1 2 3 6 10 13 17 e
0 1 2 3 6 14 20 21 22 28 29 e
0 1 2 3 7 15 18 21 22 28 29 e
0 1 2 3 7 11 19 25 27 e
0 1 2 3 6 7 10 e
0 1 2 3 6 12 20 28 29 e
1 2 3 6 7 9 10 12 e
0 1 2 3 7 14 20 21 22 28 29 e
0 1 2 3 10 15 20 21 22 28 29 e
0 1 2 3 10 15 18 21 22 28 29 e
0 1 2 3 10 15 19 21 22 28 29 e
0 1 2 3 6 14 15 18 21 22 28 e
0 1 2 3 10 19 20 21 22 28 29 e
0 1 2 3 10 15 18 19 21 22 29 e
0 1 2 3 6 15 20 21 22 28 29 e
0 1 2 3 10 14 15 18 21 22 28 e
0 1 2 3 6 9 12 e
0 1 2 3 10 13 19 21 22 28 29 e
0 1 2 3 10 13 20 21 22 28 29 e
0 1 2 3 10 13 15 21 22 28 29 e
0 1 2 3 10 13 14 20 22 28 29 e
0 1 2 3 10 14 19 20 22 28 29 e
0 1 2 3 10 14 20 21 22 28 29 e
0 1 2 3 10 13 15 18 19 21 22 e
0 1 2 3 10 13 15 18 21 22 29 e
0 1 2 3 10 13 19 20 22 28 29 e
0 1 2 3 10 13 14 19 20 28 29 e
0 1 2 3 10 13 17 21 22 28 29 e
1 2 3 6 10 13 14 15 18 19 20 21 22 24 25 28 29 e
0 1 2 3 10 13 19 20 25 28 29 e
0 1 2 3 10 13 15 19 21 22 29 e
0 1 2 3 10 13 19 22 25 28 29 e
