100
2 3 5 21 e
2 3 18 21 e
2 5 21 22 e
2 10 18 22 e
2 18 21 22 e
2 3 10 18 e
3 5 15 21 e
5 17 21 22 e
2 5 16 21 e
2 3 21 24 e
15 21 22 24 e
2 3 5 10 e
16 21 22 24 e
2 3 9 21 e
10 18 22 24 e
5 10 18 22 e
2 21 22 24 e
3 18 21 24 e
2 5 10 22 e
4 5 16 21 e
3 15 21 24 e
17 21 22 24 e
2 3 18 20 e
3 4 5 21 e
2 3 5 20 e
3 10 18 24 e
2 16 21 22 e
2 9 21 22 e
2 17 21 22 e
3 5 10 15 e
2 3 15 21 e
2 15 21 22 e
3 5 17 21 e
3 9 21 24 e
18 21 22 24 e
2 3 11 21 e
2 18 20 22 e
3 5 18 21 e
3 5 12 21 e
5 10 21 22 e
2 3 17 21 e
3 17 21 24 e
5 10 17 22 e
3 5 10 18 e
2 3 10 24 e
2 17 18 22 e
2 3 9 18 e
5 6 15 21 e
10 21 22 24 e
4 10 18 24 e
3 5 15 20 e
10 15 22 24 e
2 3 17 18 e
4 5 10 18 e
4 16 21 24 e
4 5 17 21 e
3 5 21 24 e
4 5 15 21 e
3 5 9 21 e
9 21 22 24 e
2 16 18 21 e
5 15 16 21 e
2 4 5 21 e
3 4 21 24 e
3 18 20 24 e
2 10 22 24 e
2 4 18 21 e
6 15 21 24 e
2 10 21 22 e
2 4 10 18 e
2 10 16 18 e
10 17 22 24 e
2 3 10 11 e
5 18 21 22 e
10 15 18 22 e
2 3 20 24 e
3 4 18 21 e
2 3 5 18 21 e
2 3 10 21 e
2 3 8 21 e
10 16 22 24 e
3 10 15 24 e
3 5 17 20 e
16 20 22 24 e
2 5 10 16 e
3 15 18 21 e
4 17 21 24 e
4 15 21 24 e
2 3 10 15 e
3 5 10 21 e
2 3 17 20 e
4 18 21 24 e
3 12 21 24 e
3 5 10 17 e
4 5 18 21 e
2 3 5 9 21 e
2 3 18 21 24 e
2 5 18 21 22 e
3 17 20 24 e
2 3 5 10 18 e
