100
3 4 5 6 10 11 12 14 16 18 19 22 23 e
4 5 6 10 11 12 14 15 16 18 19 22 23 e
1 4 5 6 10 11 12 14 16 18 19 22 23 e
4 5 6 10 11 12 14 16 18 19 21 22 23 e
3 4 5 6 10 11 12 14 16 19 21 22 23 e
1 3 4 5 6 10 11 12 14 16 19 22 23 e
1 3 4 5 10 11 12 14 16 18 19 22 23 e
3 4 5 6 10 11 12 14 15 16 19 22 23 e
1 3 4 5 10 11 12 14 16 19 21 22 23 e
3 4 5 6 9 10 11 12 14 16 19 22 23 e
3 4 5 6 11 12 14 15 16 18 19 22 23 e
4 5 6 8 11 12 14 15 16 18 19 22 23 e
4 5 6 8 10 11 12 14 16 18 19 22 23 e
3 4 5 6 10 11 12 15 16 19 21 22 23 e
3 4 5 6 11 12 14 15 16 19 21 22 23 e
1 3 4 5 6 10 11 14 16 18 19 22 23 e
4 5 6 10 11 12 14 16 18 19 20 22 23 e
3 4 5 6 11 12 14 16 18 19 21 22 23 e
4 5 6 10 11 12 14 15 16 19 21 22 23 e
1 4 5 6 10 11 14 16 18 19 21 22 23 e
3 4 5 6 10 11 12 15 16 18 19 22 23 e
4 5 6 8 10 11 12 14 16 19 21 22 23 e
3 4 5 6 9 11 12 14 16 18 19 22 23 e
3 4 5 10 11 12 14 15 16 19 21 22 23 e
3 4 5 9 10 11 12 14 16 18 19 22 23 e
3 4 5 6 8 11 12 14 16 19 21 22 23 e
1 4 5 6 10 11 14 15 16 18 19 22 23 e
4 5 6 11 12 14 15 16 18 19 21 22 23 e
3 4 5 9 10 11 12 14 16 19 21 22 23 e
1 4 5 6 10 11 12 14 16 19 21 22 23 e
1 3 4 5 9 10 11 12 14 16 19 22 23 e
1 3 4 5 10 11 12 14 15 16 19 22 23 e
1 4 5 6 8 10 11 12 14 16 19 22 23 e
3 4 5 10 11 12 14 16 18 19 21 22 23 e
1 3 4 5 6 10 11 14 16 19 21 22 23 e
4 5 6 8 11 12 14 16 18 19 21 22 23 e
3 4 5 10 11 12 14 15 16 18 19 22 23 e
1 4 5 6 9 10 11 14 16 18 19 22 23 e
4 5 6 8 11 12 14 15 16 19 21 22 23 e
3 4 5 9 11 12 14 15 16 19 21 22 23 e
4 5 6 11 12 14 15 16 18 19 20 22 23 e
4 5 6 9 10 11 14 16 18 19 21 22 23 e
1 4 5 6 10 11 12 15 16 18 19 22 23 e
4 5 6 9 10 11 14 15 16 18 19 22 23 e
3 4 5 6 10 11 14 15 16 18 19 22 23 e
3 4 5 6 8 11 12 14 15 16 19 22 23 e
1 4 5 8 10 11 12 14 16 19 21 22 23 e
1 4 5 6 10 11 14 15 16 18 19 21 23 e
4 5 6 10 11 12 15 16 18 19 21 22 23 e
1 4 5 6 10 11 12 14 15 16 19 22 23 e
3 4 5 11 12 14 15 16 18 19 21 22 23 e
4 5 6 8 11 12 14 16 18 19 20 22 23 e
1 4 5 10 11 12 14 15 16 19 21 22 23 e
3 4 5 6 11 12 15 16 18 19 21 22 23 e
1 4 5 6 8 10 11 14 16 18 19 22 23 e
3 4 5 6 10 11 14 16 18 19 21 22 23 e
4 5 6 8 10 11 12 14 15 16 19 22 23 e
1 3 4 5 8 10 11 12 14 16 19 22 23 e
4 5 6 10 11 14 15 16 18 19 21 22 23 e
3 4 5 8 11 12 14 15 16 19 21 22 23 e
1 3 4 5 6 9 10 11 14 16 19 22 23 e
1 4 5 6 9 10 11 14 16 18 19 21 23 e
4 5 6 8 9 10 11 14 16 18 19 22 23 e
1 4 5 6 8 10 11 12 14 16 18 19 22 e
4 5 6 8 9 10 11 12 14 16 19 22 23 e
4 5 6 10 11 12 15 16 18 19 20 22 23 e
1 3 4 5 6 10 11 14 15 16 19 22 23 e
4 5 8 11 12 14 15 16 18 19 21 22 23 e
1 5 6 10 11 12 14 15 16 18 19 22 23 e
1 4 5 6 10 11 14 16 18 19 20 22 23 e
1 4 5 8 9 10 11 12 14 16 19 22 23 e
1 4 5 6 10 11 12 16 18 19 21 22 23 e
4 5 8 9 11 12 14 15 16 18 19 22 23 e
1 4 5 6 10 11 14 15 16 19 21 22 23 e
1 4 5 6 9 10 11 14 16 19 21 22 23 e
1 3 4 5 10 11 14 15 16 18 19 22 23 e
1 4 5 8 10 11 12 14 15 16 19 22 23 e
1 3 4 5 6 10 11 12 14 16 18 22 23 e
1 4 5 6 8 10 11 14 16 19 21 22 23 e
4 5 6 8 9 10 11 14 16 18 19 21 23 e
4 5 6 9 10 11 14 15 16 18 19 21 23 e
1 4 5 6 8 10 11 12 14 16 21 22 23 e
1 4 5 6 9 10 11 12 14 16 19 22 23 e
1 4 5 6 10 11 15 16 18 19 21 22 23 e
4 5 6 8 9 11 14 15 16 18 19 22 23 e
4 5 8 11 12 14 15 16 18 19 20 22 23 e
4 5 6 8 10 11 14 15 16 18 19 22 23 e
5 6 8 9 10 11 12 14 16 18 19 22 23 e
4 5 6 8 10 11 14 15 16 19 21 22 23 e
5 6 9 10 11 12 14 15 16 18 19 22 23 e
1 4 5 9 10 11 12 14 15 16 19 22 23 e
4 5 6 10 11 12 14 15 16 18 19 20 22 e
1 5 6 8 10 11 12 14 16 18 19 22 23 e
1 5 6 8 10 11 12 14 16 19 21 22 23 e
1 4 5 6 10 11 12 14 16 18 19 21 22 e
5 6 10 11 12 14 15 16 18 19 21 22 23 e
4 5 6 8 11 12 14 15 16 18 19 20 22 e
1 4 5 6 10 11 15 16 18 19 20 22 23 e
5 6 9 10 11 12 14 15 16 19 21 22 23 e
4 5 6 8 10 11 12 14 15 16 18 19 22 e
