100
0 1 2 3 5 6 7 8 9 10 11 12 13 14 e
0 2 3 4 5 6 7 8 9 10 11 12 13 14 e
0 2 3 4 5 6 7 8 9 10 11 12 14 e
0 1 2 3 4 5 6 7 8 9 10 11 12 13 14 e
0 1 2 3 4 5 6 7 8 9 10 11 12 14 e
0 2 3 4 5 6 7 8 10 11 12 13 14 e
0 1 2 3 4 5 6 8 9 10 11 12 13 14 e
0 2 3 5 6 7 8 9 10 11 12 13 14 e
0 2 3 5 6 8 9 10 11 12 13 14 e
0 2 3 4 5 6 7 9 10 11 12 13 14 e
0 2 3 5 6 7 10 11 12 13 14 e
0 1 2 3 5 6 8 9 10 11 12 13 14 e
0 1 2 3 5 6 7 8 10 11 12 13 14 e
0 2 3 5 6 7 9 10 11 12 13 14 e
0 2 3 4 5 6 7 10 11 12 14 e
0 2 3 4 5 6 7 8 10 11 12 14 e
0 1 2 3 4 5 6 7 8 10 11 12 14 e
0 1 2 3 5 6 8 10 11 12 13 14 e
0 1 2 3 4 5 6 8 10 11 12 13 14 e
0 2 3 4 5 6 8 9 10 11 12 13 14 e
0 1 2 3 4 5 6 7 8 10 11 12 13 14 e
0 2 3 4 5 6 7 9 10 11 12 14 e
0 2 3 5 6 9 10 11 12 13 14 e
0 2 3 4 5 6 8 10 11 12 13 14 e
0 2 3 5 6 7 8 10 11 12 13 14 e
0 2 3 4 5 6 7 10 11 12 13 14 e
0 2 3 4 5 6 9 10 11 12 13 14 e
0 2 3 4 5 6 7 8 9 11 12 13 14 e
0 2 3 5 6 10 11 12 13 14 e
0 2 3 4 5 6 10 11 12 13 14 e
0 1 2 3 5 6 7 8 9 10 11 12 14 e
0 2 3 5 6 8 10 11 12 13 14 e
0 1 2 3 4 5 6 7 8 9 11 12 13 14 e
0 1 2 3 5 6 7 8 9 10 11 12 13 e
0 1 2 3 4 5 6 8 9 10 11 12 14 e
0 2 3 4 5 6 7 8 9 11 12 14 e
0 2 3 4 5 6 7 8 9 10 11 12 13 e
0 2 3 5 6 7 8 9 10 11 12 14 e
0 1 2 3 5 6 7 8 10 11 12 14 e
0 2 3 4 5 6 7 9 11 12 13 14 e
2 3 4 5 6 7 9 10 11 12 13 14 e
0 2 3 5 6 7 8 10 11 12 14 e
0 2 3 5 6 7 9 10 11 12 13 e
0 2 3 4 5 6 8 9 10 11 12 14 e
0 2 3 4 5 6 7 9 11 12 14 e
0 1 2 3 4 5 6 7 8 9 10 11 12 13 e
0 2 3 5 6 7 9 10 11 12 14 e
0 1 2 3 4 5 6 8 9 11 12 13 14 e
0 1 2 3 4 5 6 7 8 9 11 12 14 e
0 2 3 5 6 7 10 11 12 14 e
0 2 3 4 5 6 9 11 12 13 14 e
2 3 4 5 6 7 9 10 11 12 14 e
0 2 3 4 5 6 9 10 11 12 14 e
2 3 5 6 7 9 10 11 12 13 14 e
0 1 2 3 4 5 6 8 10 11 12 14 e
0 1 2 3 5 6 7 8 9 11 12 13 14 e
0 2 3 4 5 6 8 9 11 12 13 14 e
2 3 4 5 6 7 10 11 12 13 14 e
0 1 2 3 5 6 8 9 11 12 13 14 e
0 2 3 4 5 6 7 8 10 11 12 13 e
0 1 2 3 4 5 6 7 8 10 11 12 13 e
0 2 3 5 6 7 9 11 12 13 14 e
0 2 3 4 5 6 10 11 12 14 e
0 2 3 5 6 7 8 9 10 11 12 13 e
0 2 3 4 5 6 7 8 11 12 14 e
2 3 5 6 9 10 11 12 13 14 e
0 2 3 4 5 6 8 10 11 12 14 e
0 1 2 3 5 6 7 8 11 12 13 14 e
0 2 3 5 6 8 9 11 12 13 14 e
0 1 2 3 5 6 7 8 10 11 12 13 e
0 1 2 3 4 5 6 7 8 11 12 13 14 e
0 2 3 5 6 9 11 12 13 14 e
0 2 3 4 5 6 7 11 12 13 14 e
2 3 4 5 6 7 10 11 12 14 e
0 1 2 3 4 5 6 8 9 11 12 14 e
0 2 3 5 6 7 8 10 11 12 13 e
0 2 3 4 5 6 7 8 11 12 13 14 e
0 2 3 5 6 7 8 9 11 12 13 14 e
0 2 3 4 5 6 7 11 12 14 e
0 1 2 3 5 6 7 8 9 11 12 14 e
2 3 5 6 7 10 11 12 13 14 e
0 1 2 3 4 5 6 7 8 11 12 14 e
2 3 4 5 6 10 11 12 13 14 e
0 2 3 5 6 7 8 11 12 13 14 e
2 3 4 5 6 9 10 11 12 13 14 e
0 2 3 5 7 9 10 11 12 13 14 e
2 3 5 6 7 9 10 11 12 14 e
0 2 3 5 6 7 8 9 11 12 14 e
0 1 2 3 5 7 8 9 10 11 12 13 14 e
0 1 2 3 5 8 9 10 11 12 13 14 e
0 2 3 5 6 7 11 12 13 14 e
0 1 2 3 4 5 6 7 8 9 10 12 13 14 e
2 3 5 6 10 11 12 13 14 e
0 2 3 4 5 6 7 9 10 12 13 14 e
0 1 2 3 4 5 6 7 8 9 10 12 14 e
2 3 5 6 7 10 11 12 14 e
0 2 3 4 5 6 7 8 9 10 12 13 14 e
0 2 3 4 5 6 7 8 9 10 12 14 e
0 1 2 3 4 5 6 7 8 10 12 13 14 e
0 1 2 3 4 5 6 7 8 10 12 14 e
