100
0 1 3 4 8 13 19 e
0 1 3 4 8 19 20 e
0 1 3 4 8 13 22 e
0 1 3 4 8 13 16 e
0 1 3 4 8 19 23 e
0 1 3 4 8 13 20 e
0 1 3 4 8 19 22 e
0 1 3 4 8 20 21 e
0 1 3 4 8 21 22 e
0 1 3 4 8 13 17 19 e
0 1 3 4 8 20 22 e
0 1 3 4 8 13 19 20 e
0 1 3 4 8 13 16 19 e
0 1 3 4 8 13 20 21 e
0 1 3 4 8 13 19 22 e
0 1 3 4 8 13 19 23 e
0 1 3 4 8 13 21 22 e
0 1 3 4 8 13 16 22 e
0 1 3 4 8 19 20 21 e
0 3 4 5 8 9 13 17 19 e
0 1 3 4 8 19 20 22 e
0 1 3 4 8 19 20 23 e
0 1 3 4 8 13 16 20 e
0 1 2 4 8 13 19 e
0 1 3 4 8 13 20 22 e
0 1 3 8 9 20 22 e
0 1 3 5 8 13 19 e
0 1 2 4 8 13 20 e
0 2 3 4 8 13 20 e
0 1 3 4 8 20 21 22 e
0 1 3 4 8 13 17 19 23 e
0 2 3 4 8 13 19 e
0 3 4 5 8 9 13 19 20 e
0 1 2 4 8 13 22 e
0 1 2 4 8 13 14 e
0 1 3 4 8 9 e
0 3 4 5 8 9 13 19 24 e
0 1 3 4 8 19 22 23 e
0 1 3 4 8 13 17 19 22 e
0 1 2 4 8 19 20 e
0 1 4 5 8 9 13 17 19 e
0 2 3 4 8 20 21 e
0 1 2 4 8 13 16 e
0 2 3 4 8 19 20 e
0 1 2 4 8 19 22 e
0 1 2 4 8 20 21 e
0 1 2 4 8 14 22 e
0 1 3 5 8 13 22 e
0 2 3 4 8 13 14 e
0 1 3 5 8 19 23 e
0 1 2 4 8 21 22 e
0 1 4 5 8 9 13 19 22 e
0 1 2 4 8 14 18 e
0 1 2 4 8 20 22 e
0 1 3 4 8 13 19 20 21 e
0 2 3 4 8 13 16 e
0 1 2 4 8 19 23 e
0 1 3 5 8 13 17 19 e
0 1 4 5 8 9 13 21 22 e
0 1 4 5 8 9 10 13 20 e
0 1 4 5 8 9 13 20 22 e
0 1 3 4 8 13 19 20 23 e
0 1 3 5 8 13 24 e
0 1 3 5 8 10 19 e
0 2 3 4 8 19 23 e
0 1 4 5 8 9 13 15 20 e
0 1 4 5 8 9 13 19 20 e
0 1 3 5 8 19 22 e
0 1 4 5 8 9 10 13 22 e
0 1 4 5 8 9 10 13 19 e
0 1 2 4 8 13 17 19 e
0 1 3 4 8 13 16 20 21 e
0 1 3 4 8 19 20 21 23 e
0 1 3 4 5 8 e
0 2 3 4 8 14 18 e
0 1 3 4 8 9 13 e
0 1 2 4 8 13 14 19 e
0 1 2 8 9 19 23 e
0 1 2 8 9 19 22 e
0 1 2 4 8 13 20 21 e
0 1 2 4 8 13 19 22 e
0 1 2 4 9 13 14 e
0 1 2 4 8 13 21 22 e
0 1 2 4 8 13 16 19 e
0 1 2 4 8 19 20 21 e
0 2 3 8 9 19 23 e
0 1 2 4 8 13 20 22 e
0 1 2 4 8 13 14 22 e
0 1 2 4 9 13 19 e
0 1 2 8 9 19 20 e
0 1 2 4 8 13 16 22 e
0 1 2 4 8 13 14 18 e
0 1 2 4 8 19 22 23 e
0 1 2 4 8 14 21 22 e
0 1 2 4 8 19 20 23 e
0 1 2 4 9 13 15 e
0 1 2 4 8 19 20 22 e
0 1 4 5 8 9 13 20 21 22 e
0 1 2 4 8 14 18 22 e
0 1 2 4 8 9 e
