100
0 1 2 4 5 6 7 8 9 11 12 13 14 15 16 17 18 e
0 1 2 4 5 6 7 8 9 10 11 12 13 14 15 16 17 18 19 e
0 1 2 4 5 6 7 8 9 11 12 13 14 15 16 18 19 e
0 1 2 4 5 6 7 8 9 10 11 12 13 14 16 18 19 e
0 1 2 4 5 6 7 8 9 10 11 12 13 14 15 16 18 19 e
0 1 2 4 5 6 7 8 9 10 11 12 13 14 16 17 18 19 e
0 1 2 4 5 7 8 9 10 11 12 13 14 15 16 18 19 e
0 1 2 3 5 6 7 8 9 10 11 12 13 14 16 17 18 19 e
0 1 2 5 6 7 8 9 10 11 12 13 14 16 17 18 19 e
0 1 2 3 5 6 7 8 9 10 11 12 13 14 16 18 19 e
0 1 4 5 6 7 8 9 10 11 12 13 14 16 18 19 e
0 1 2 3 5 6 7 8 9 10 11 12 13 14 15 16 17 18 19 e
0 1 2 5 6 7 8 9 11 12 13 14 16 18 19 e
0 1 3 5 6 7 8 10 11 12 13 14 16 17 18 19 e
0 1 2 5 6 7 8 9 10 11 12 13 14 15 16 17 18 19 e
0 1 2 5 6 7 8 9 10 11 12 13 14 16 18 19 e
0 1 2 3 5 6 7 8 9 11 12 13 14 16 18 19 e
0 1 2 5 6 7 8 10 11 12 13 14 16 17 18 19 e
0 1 2 3 5 6 7 8 9 11 12 13 14 16 17 18 19 e
0 1 2 4 5 6 7 8 9 11 12 13 14 15 16 17 18 19 e
0 1 4 5 6 7 8 9 11 12 13 14 16 18 e
0 1 2 3 5 6 7 8 9 11 12 13 14 15 16 17 18 19 e
0 1 2 3 5 6 7 8 9 10 11 12 13 14 15 16 18 19 e
0 1 2 3 5 6 7 8 9 11 12 13 14 15 16 18 19 e
0 1 2 5 7 8 9 10 11 12 13 14 16 17 18 19 e
0 1 2 4 5 6 7 8 9 11 12 13 14 16 17 18 19 e
0 1 2 5 7 8 10 11 12 13 14 16 17 18 19 e
0 1 2 5 6 7 8 9 10 11 12 13 14 15 16 18 19 e
0 1 2 5 7 8 9 10 11 12 13 14 16 18 19 e
0 1 5 6 7 8 10 11 12 13 14 16 17 18 19 e
0 1 2 5 6 7 8 10 11 12 13 14 16 18 19 e
0 1 2 5 6 7 8 9 11 12 13 14 16 17 18 19 e
0 1 2 4 5 7 8 9 10 11 12 13 14 15 16 17 18 19 e
0 1 2 4 5 6 7 8 9 11 12 13 14 16 18 19 e
0 1 2 5 6 7 8 9 11 12 13 14 15 16 17 18 19 e
0 1 2 5 6 7 8 11 12 13 14 16 17 18 19 e
0 1 2 5 6 7 8 9 11 12 13 14 15 16 18 19 e
0 1 2 4 5 7 8 9 11 12 13 14 15 16 17 18 19 e
0 1 3 5 6 7 8 11 12 13 14 16 17 18 19 e
0 1 2 3 5 6 7 8 11 12 13 14 16 17 18 19 e
0 1 2 3 5 6 7 8 10 11 12 13 14 16 17 18 19 e
0 1 2 5 7 8 10 11 12 13 14 16 18 19 e
0 1 2 3 5 7 8 9 11 12 13 14 15 16 17 18 19 e
0 1 2 3 5 7 8 9 11 12 13 14 16 18 19 e
0 1 5 6 7 8 11 12 13 14 16 17 18 19 e
0 1 2 3 5 7 8 9 11 12 13 14 16 17 18 19 e
0 1 2 5 7 8 9 11 12 13 14 16 18 19 e
0 1 2 4 5 6 7 9 10 11 12 13 14 15 16 18 19 e
0 1 2 3 5 6 7 8 10 11 12 13 14 16 18 19 e
0 1 2 5 7 8 9 10 11 12 13 14 15 16 17 18 19 e
0 1 2 3 5 6 7 8 11 12 13 14 16 18 19 e
0 1 2 5 6 7 9 10 11 12 13 14 16 18 19 e
0 1 2 4 5 6 7 9 11 12 13 14 15 16 17 18 19 e
0 1 2 5 7 8 9 11 12 13 14 15 16 18 19 e
0 1 2 4 5 6 7 9 10 11 12 13 14 15 16 17 18 19 e
0 1 2 5 6 7 9 10 11 12 13 14 15 16 17 18 19 e
0 1 5 7 8 10 11 12 13 14 16 17 18 19 e
0 1 2 3 5 7 8 9 11 12 13 14 15 16 18 19 e
0 1 2 5 7 8 9 11 12 13 14 16 17 18 19 e
0 1 2 3 5 6 7 9 11 12 13 14 15 16 17 18 19 e
0 1 4 5 6 7 8 9 11 12 13 14 16 18 19 e
0 1 5 7 8 11 12 13 14 16 17 18 19 e
0 1 2 5 6 7 10 11 12 13 14 16 17 18 19 e
0 1 2 5 6 7 8 11 12 13 14 16 18 19 e
0 1 2 5 7 8 9 11 12 13 14 15 16 17 18 19 e
0 1 2 5 7 8 11 12 13 14 16 17 18 19 e
0 1 2 3 5 6 7 9 11 12 13 14 16 17 18 19 e
0 1 2 5 6 7 9 10 11 12 13 14 16 17 18 19 e
0 1 2 5 6 7 9 10 11 12 13 14 15 16 18 19 e
0 1 2 3 5 6 7 9 10 11 12 13 14 15 16 17 18 19 e
0 1 5 6 7 10 11 12 13 14 16 17 18 19 e
0 1 2 5 7 8 9 10 11 12 13 14 15 16 18 19 e
0 1 2 3 5 6 7 9 10 11 12 13 14 16 18 19 e
0 1 2 3 5 6 7 11 12 13 14 16 17 18 19 e
0 1 2 4 5 6 7 9 11 12 13 14 15 16 18 19 e
0 1 2 5 6 7 9 11 12 13 14 16 17 18 19 e
0 1 5 6 7 8 11 12 13 14 16 18 19 e
0 1 2 3 5 6 7 9 10 11 12 13 14 15 16 18 19 e
0 1 2 5 6 7 10 11 12 13 14 16 18 19 e
0 1 3 5 6 7 11 12 13 14 16 17 18 19 e
0 1 2 5 7 8 11 12 13 14 16 18 19 e
0 1 2 3 5 6 7 9 11 12 13 14 15 16 18 19 e
0 1 3 5 6 7 8 11 12 13 14 16 18 19 e
0 1 2 3 5 6 7 9 11 12 13 14 16 18 19 e
0 1 2 5 6 7 9 11 12 13 14 15 16 17 18 19 e
0 1 3 5 6 7 10 11 12 13 14 16 17 18 19 e
1 2 5 6 7 8 9 11 12 13 14 15 16 18 19 e
1 2 5 6 7 8 9 11 12 13 14 15 16 17 18 19 e
0 1 2 5 6 7 9 11 12 13 14 15 16 18 19 e
0 1 5 6 7 8 10 11 12 13 14 16 18 19 e
0 1 5 7 8 10 11 12 13 14 16 18 19 e
0 1 2 3 5 6 7 10 11 12 13 14 16 18 19 e
0 1 2 5 6 7 11 12 13 14 16 18 19 e
0 1 2 3 5 6 7 11 12 13 14 16 18 19 e
0 1 2 5 6 7 9 11 12 13 14 16 18 19 e
0 1 5 6 7 11 12 13 14 16 17 18 19 e
0 1 2 5 6 7 11 12 13 14 16 17 18 19 e
0 1 2 3 5 6 7 10 11 12 13 14 16 17 18 19 e
0 1 5 7 8 11 12 13 14 16 18 19 e
1 2 5 6 7 9 11 12 13 14 15 16 17 18 19 e
