100
0 2 3 4 5 6 7 8 10 11 12 13 14 15 16 17 19 20 21 23 e
0 2 3 4 5 7 8 10 11 13 14 15 16 17 18 19 20 21 23 e
0 2 3 4 5 6 7 8 10 11 12 13 14 15 16 17 18 19 20 21 22 23 24 e
0 2 3 4 5 7 8 10 11 12 13 14 15 16 17 18 19 20 21 22 23 e
0 2 3 4 5 7 8 10 11 12 13 14 15 16 17 19 20 21 23 e
0 2 3 4 5 6 7 8 10 11 13 14 15 16 17 18 19 20 21 23 e
0 2 3 4 5 7 8 10 11 12 13 14 15 16 17 18 19 20 21 23 e
0 2 3 4 5 6 7 8 10 11 12 13 14 15 16 17 18 19 20 21 23 e
0 2 3 4 5 7 8 10 11 12 13 14 15 16 17 19 20 21 22 23 e
0 1 2 3 4 5 6 7 8 10 11 13 14 15 16 17 18 19 20 21 23 e
0 2 3 4 5 6 7 8 10 11 12 13 14 15 16 17 18 19 20 21 23 24 e
0 2 3 4 5 6 7 8 10 11 13 14 15 16 17 19 20 21 23 e
0 2 3 4 5 6 7 8 10 11 13 14 15 16 17 18 19 20 21 23 24 e
0 1 2 3 4 5 7 8 10 11 12 13 14 15 16 17 18 19 20 21 22 23 e
0 2 3 4 5 6 7 8 10 11 12 13 14 15 16 17 18 19 20 21 22 23 e
0 2 3 4 5 6 7 8 10 11 12 13 14 15 16 17 19 20 21 22 23 e
0 2 3 4 5 7 8 10 11 13 14 15 16 17 18 19 20 21 e
0 1 2 3 4 5 7 8 10 11 13 14 15 16 17 18 19 20 21 23 e
0 2 3 4 5 7 8 10 11 13 14 15 16 17 19 20 21 23 e
0 1 2 3 4 5 6 7 8 10 11 12 13 14 15 16 17 18 19 20 21 22 23 24 e
0 1 2 3 4 5 6 7 8 10 11 12 13 14 15 16 17 19 20 21 23 24 e
0 1 2 3 4 5 6 7 8 10 11 13 14 15 16 17 19 20 21 23 24 e
0 1 2 3 4 5 6 7 8 10 11 12 13 14 15 16 17 19 20 21 22 23 24 e
0 2 3 4 5 6 7 8 10 11 12 13 14 15 17 18 19 20 21 22 23 e
0 1 2 3 4 5 6 7 8 10 11 12 13 14 15 16 17 19 20 21 23 e
0 1 2 3 4 5 7 8 10 11 12 13 14 15 16 17 18 19 20 21 23 e
0 1 2 3 4 5 6 7 8 10 11 12 13 14 15 16 17 18 19 20 21 22 23 e
0 1 2 3 4 5 6 7 8 10 11 12 13 14 15 16 17 18 19 20 21 23 e
0 2 3 4 5 6 7 8 10 11 12 13 14 15 17 18 19 20 21 23 e
0 1 2 3 4 5 6 7 8 10 11 13 14 15 16 17 18 19 20 21 23 24 e
0 1 2 3 4 5 6 7 8 10 11 12 13 14 15 16 17 18 19 20 21 23 24 e
0 2 3 4 5 7 8 10 11 12 13 14 15 16 17 18 19 20 21 e
0 1 2 3 4 5 6 7 8 10 11 13 14 15 16 17 19 20 21 23 e
0 2 3 4 5 7 8 10 11 12 13 14 15 16 17 18 19 20 21 22 e
0 1 2 3 4 5 6 7 8 10 11 12 13 14 15 16 17 19 20 21 22 23 e
0 1 2 3 4 5 7 8 10 11 12 13 14 15 16 17 18 19 20 21 22 e
0 2 3 4 6 7 8 10 11 13 14 15 16 17 18 19 20 21 23 24 e
0 2 3 4 7 8 10 11 12 13 14 15 16 17 18 19 20 21 22 23 e
0 1 2 3 4 5 7 8 10 11 13 14 15 16 17 18 19 20 21 e
0 2 3 4 5 6 7 8 10 11 13 14 15 17 18 19 20 21 23 e
0 2 3 4 7 8 10 11 12 13 14 15 16 17 18 19 20 21 23 e
0 2 3 4 6 7 8 10 11 12 13 14 15 16 17 18 19 20 21 22 23 e
0 1 2 3 4 5 7 8 10 11 12 13 14 15 16 17 18 19 20 21 e
0 2 3 4 5 7 8 10 11 12 13 14 15 17 18 19 20 21 22 23 e
0 2 3 4 6 7 8 10 11 13 14 15 16 17 18 19 20 21 23 e
0 2 3 4 5 7 8 10 11 12 13 14 15 17 18 19 20 21 23 e
0 2 3 4 7 8 10 11 12 13 14 15 16 17 19 20 21 22 23 e
0 2 3 4 6 7 8 10 11 12 13 14 15 16 17 18 19 20 21 23 e
0 2 3 4 5 7 8 10 11 13 15 16 17 18 19 20 21 e
0 2 3 4 5 6 7 8 10 11 12 13 14 15 17 18 19 20 21 23 24 e
0 2 3 4 5 7 8 10 11 12 13 14 15 17 19 20 21 22 23 e
0 2 3 4 7 8 10 11 12 13 14 15 16 17 19 20 21 23 e
0 1 2 3 4 5 6 7 8 10 11 12 13 14 15 17 19 20 21 22 23 e
0 2 3 4 5 7 8 10 11 12 13 14 15 17 19 20 21 23 e
0 2 3 4 7 8 10 11 13 14 15 16 17 19 20 21 23 e
0 1 2 3 4 5 7 8 10 11 13 14 15 17 18 19 20 21 23 e
0 2 3 4 5 6 7 8 10 11 12 13 14 15 17 19 20 21 22 23 e
0 2 3 4 7 8 10 11 13 14 15 16 17 18 19 20 21 23 e
0 1 2 3 4 5 6 7 8 10 11 13 14 15 17 19 20 21 23 e
0 2 3 4 5 7 8 10 11 12 13 15 16 17 18 19 20 21 22 e
0 2 3 4 5 7 8 10 11 12 13 15 16 17 18 19 20 21 e
0 2 3 4 5 6 7 8 10 11 13 14 15 17 18 19 20 21 23 24 e
0 1 2 3 4 5 6 7 8 10 11 12 13 14 15 17 18 19 20 21 22 23 24 e
0 2 3 4 6 7 8 10 11 12 13 14 15 16 17 18 19 20 21 23 24 e
0 2 3 4 5 6 7 8 10 11 12 13 14 15 17 18 19 20 21 22 23 24 e
0 1 2 3 4 5 6 7 8 10 11 12 13 14 15 17 18 19 20 21 23 24 e
0 2 3 4 5 7 8 10 11 13 14 15 17 18 19 20 21 23 e
0 2 3 4 6 7 8 10 11 12 13 14 15 16 17 18 19 20 21 22 23 24 e
0 1 2 3 4 5 6 7 8 10 11 13 14 15 17 18 19 20 21 23 24 e
0 2 3 4 5 6 7 8 10 11 13 14 15 17 19 20 21 23 e
0 1 2 3 4 5 6 7 8 10 11 12 13 14 15 17 18 19 20 21 22 23 e
0 1 2 3 4 5 6 7 8 10 11 13 14 15 17 19 20 21 23 24 e
0 2 3 4 5 7 8 10 11 13 14 15 17 19 20 21 23 e
0 1 2 3 4 5 6 7 8 10 11 13 14 15 17 18 19 20 21 23 e
0 1 2 3 4 5 7 8 10 11 12 13 14 15 17 18 19 20 21 23 e
0 1 2 3 4 5 7 8 10 11 12 13 14 15 17 18 19 20 21 22 23 e
0 2 3 4 5 6 7 8 10 11 12 13 14 15 17 19 20 21 23 e
0 1 2 3 4 5 6 7 8 10 11 12 13 14 15 17 18 19 20 21 23 e
0 1 2 3 4 5 6 7 8 10 11 12 13 14 15 17 19 20 21 23 24 e
0 2 3 4 5 7 8 10 11 12 13 14 15 17 18 19 20 21 e
0 2 3 4 7 8 10 11 12 13 14 15 16 17 18 19 20 21 e
0 1 2 3 4 5 6 7 8 10 11 12 13 14 15 17 19 20 21 23 e
0 2 3 4 7 8 10 11 13 14 15 16 17 18 19 20 21 e
0 2 3 4 6 7 8 10 11 12 13 14 15 17 18 19 20 21 22 23 e
0 1 2 3 4 5 6 7 8 10 11 12 13 14 15 17 19 20 21 22 23 24 e
0 2 3 4 7 8 10 11 12 13 14 15 16 17 18 19 20 21 22 e
0 2 3 4 6 7 8 10 11 13 14 15 17 18 19 20 21 23 e
0 2 3 4 7 8 10 11 13 14 15 16 17 19 20 21 e
0 2 3 4 7 8 10 11 12 13 14 15 16 17 19 20 21 e
0 2 3 4 7 8 10 11 12 13 14 15 17 18 19 20 21 23 e
0 2 3 4 7 8 10 11 13 14 15 17 18 19 20 21 23 e
0 2 3 4 5 7 8 10 11 13 14 15 17 18 19 20 21 e
0 2 3 4 5 7 8 10 11 12 13 14 15 17 18 19 20 21 22 e
0 2 3 4 6 7 8 10 11 12 13 14 15 17 18 19 20 21 22 23 24 e
0 2 3 4 6 7 8 10 11 12 13 14 15 17 18 19 20 21 23 e
0 2 3 4 7 8 10 11 12 13 14 15 16 17 19 20 21 22 e
0 2 3 4 7 8 10 11 12 13 14 15 17 18 19 20 21 22 23 e
0 2 3 4 6 7 8 10 11 12 13 14 15 17 18 19 20 21 23 24 e
0 2 3 4 7 8 10 11 13 14 15 17 19 20 21 23 e
0 2 3 4 6 7 8 10 11 13 14 15 17 18 19 20 21 23 24 e
