100
1 2 3 4 7 10 11 12 13 17 19 20 21 e
1 2 3 4 6 7 8 10 12 13 17 20 21 e
1 2 3 4 7 8 10 11 12 13 14 20 21 e
1 2 3 4 7 8 10 11 12 13 17 20 21 e
0 1 2 3 4 7 8 10 12 13 17 19 20 e
1 2 3 4 7 10 12 13 14 17 19 20 21 e
1 2 3 4 6 7 10 12 13 14 17 20 21 e
1 2 3 4 7 8 9 10 12 13 14 20 21 e
1 2 3 4 6 7 8 9 10 12 13 20 21 e
2 3 4 6 7 8 10 12 13 14 17 19 21 e
0 2 3 4 6 7 8 10 12 13 17 20 21 e
1 2 3 4 7 8 10 12 13 14 16 20 21 e
1 2 3 4 7 8 10 12 13 14 19 20 21 e
1 2 3 4 6 7 8 9 10 12 13 14 20 e
1 2 3 4 6 7 8 10 12 13 19 20 21 e
2 3 4 6 7 10 12 13 14 17 19 20 21 e
1 2 3 4 7 10 12 13 14 16 17 20 21 e
1 2 3 4 7 8 11 12 13 17 19 20 21 e
0 1 2 3 4 7 8 10 12 13 17 20 21 e
1 2 3 4 7 8 10 11 12 13 19 20 21 e
1 2 3 4 7 8 10 11 12 13 17 19 20 e
1 2 3 4 7 8 10 12 13 16 19 20 21 e
1 2 3 4 7 8 9 10 11 12 13 14 20 e
1 2 3 4 7 8 9 10 12 13 19 20 21 e
2 3 4 6 7 8 10 12 13 14 17 20 21 e
2 3 4 6 7 10 11 12 13 14 17 20 21 e
2 3 4 6 7 8 9 10 12 13 14 20 21 e
1 2 3 4 6 7 8 10 12 13 14 20 21 e
1 2 3 4 7 8 10 11 12 13 14 19 20 e
2 3 4 6 7 8 10 11 12 13 19 20 21 e
0 1 2 3 4 7 8 10 11 12 13 19 20 e
1 2 3 4 6 7 8 10 12 13 14 19 20 e
2 3 4 6 7 8 10 11 12 13 14 20 21 e
0 1 2 3 4 7 8 9 10 12 13 14 20 e
1 2 3 4 6 7 8 10 11 12 13 14 20 e
1 2 3 4 7 9 10 12 13 14 19 20 21 e
2 3 4 6 7 8 10 12 13 14 19 20 21 e
0 1 2 3 4 7 10 12 13 17 19 20 21 e
0 1 2 3 4 7 8 10 12 13 19 20 21 e
1 2 3 4 7 8 9 10 12 13 14 19 20 e
1 2 3 4 7 8 9 10 11 12 13 20 21 e
0 1 2 3 4 7 8 10 11 12 13 14 20 e
1 2 3 4 7 8 12 13 14 17 19 20 21 e
1 2 3 4 6 7 9 10 12 13 14 19 20 e
0 1 2 3 4 7 8 10 12 13 14 19 20 e
1 2 3 4 6 7 9 10 12 13 14 20 21 e
1 2 3 4 7 10 12 13 14 16 19 20 21 e
2 3 4 6 7 8 12 13 14 17 19 20 21 e
1 2 3 4 7 8 9 10 12 13 14 18 20 e
1 2 3 4 6 7 10 12 13 14 19 20 21 e
2 3 4 6 7 8 9 10 12 13 19 20 21 e
1 2 3 4 6 7 10 12 13 14 17 19 21 e
0 2 3 4 6 7 8 10 12 13 14 19 20 e
0 2 3 4 6 7 8 9 10 12 13 14 20 e
1 2 3 4 6 7 8 10 11 12 13 19 20 e
1 2 3 4 6 7 8 10 11 12 13 20 21 e
0 1 2 3 4 7 8 9 10 12 13 19 20 e
0 2 3 4 6 7 8 10 12 13 19 20 21 e
2 3 4 6 7 10 11 12 13 14 19 20 21 e
1 2 3 4 7 8 10 12 13 14 16 17 21 e
1 2 3 7 8 10 11 12 13 14 17 20 21 e
0 1 2 3 4 7 8 9 10 12 13 20 21 e
1 2 3 4 7 8 10 12 13 14 16 19 20 e
1 2 3 4 7 10 11 12 13 14 19 20 21 e
1 2 3 4 6 7 12 13 14 17 19 20 21 e
1 2 3 4 7 8 9 10 11 12 13 19 20 e
1 2 3 4 6 7 8 10 12 13 14 19 21 e
1 2 3 4 7 9 10 11 12 13 14 19 20 e
0 2 3 4 6 7 8 9 10 12 13 19 20 e
0 1 2 3 6 7 8 10 11 12 13 19 20 e
0 2 3 4 6 7 8 9 10 12 13 20 21 e
0 1 2 3 4 7 10 11 12 13 14 19 20 e
2 3 4 6 7 8 10 11 12 13 14 19 20 e
1 2 3 6 7 8 10 11 12 13 19 20 21 e
1 2 3 4 7 8 9 11 12 13 19 20 21 e
1 2 3 4 6 7 8 9 12 13 19 20 21 e
1 2 3 4 7 8 9 10 11 12 13 14 19 e
1 2 3 4 6 7 10 11 12 13 14 19 20 e
1 2 3 4 7 8 9 10 12 13 18 20 21 e
0 1 2 3 4 6 7 8 10 12 13 19 20 e
1 2 3 4 7 10 11 12 13 17 18 20 21 e
2 3 4 7 8 10 11 12 13 18 19 20 21 e
0 1 2 3 4 6 7 10 12 13 14 19 20 e
2 3 4 6 7 8 9 10 11 12 13 20 21 e
1 2 3 6 7 8 10 12 13 16 19 20 21 e
0 1 3 4 7 8 9 10 11 12 13 14 20 e
1 2 3 4 7 8 10 11 12 13 18 20 21 e
1 2 3 4 7 12 13 14 16 17 19 20 21 e
1 2 3 4 6 7 9 10 12 13 14 19 21 e
2 3 4 6 7 11 12 13 14 17 19 20 21 e
0 1 2 3 4 7 8 9 11 12 13 19 20 e
0 1 2 3 4 7 8 9 10 11 12 13 19 e
1 2 3 4 7 10 11 12 13 14 18 19 20 e
2 3 4 7 10 11 12 13 14 18 19 20 21 e
1 2 3 4 7 8 9 10 11 12 13 19 21 e
2 3 4 6 7 8 9 11 12 13 19 20 21 e
2 3 4 7 8 11 12 13 17 18 19 20 21 e
1 2 3 4 7 8 10 11 12 13 18 19 21 e
1 2 3 4 7 8 10 11 12 13 17 18 21 e
2 3 4 6 7 8 9 10 11 12 13 14 20 e
