100
0 2 3 7 10 11 13 15 16 17 19 20 23 e
0 2 3 4 7 10 11 13 15 16 19 20 23 e
0 2 3 7 10 11 13 15 17 19 20 21 23 e
0 2 3 7 9 10 11 13 15 16 19 20 23 e
0 2 3 7 9 10 11 13 15 17 19 20 23 e
0 2 3 7 10 11 13 15 16 17 18 19 23 e
0 2 7 10 11 13 15 16 17 19 20 21 23 e
0 2 3 6 7 10 11 13 15 16 17 19 20 e
0 2 3 6 7 10 11 13 15 16 19 20 23 e
0 2 3 7 10 11 13 15 16 19 20 21 23 e
0 2 6 7 10 11 13 15 16 17 19 20 23 e
0 1 2 3 7 10 11 13 15 17 19 20 23 e
0 2 3 7 10 11 13 15 16 17 19 21 23 e
0 1 2 3 7 10 11 13 15 16 19 20 23 e
0 2 7 9 10 11 13 15 16 19 20 21 23 e
0 2 3 7 9 10 11 13 15 16 18 19 23 e
0 2 3 7 9 10 11 13 15 16 17 19 23 e
0 2 3 7 9 10 11 13 15 17 18 19 23 e
0 2 3 7 10 11 13 15 17 18 19 21 23 e
0 2 3 4 7 10 11 13 15 16 18 19 23 e
0 2 3 6 7 10 11 13 15 16 18 19 23 e
0 2 7 9 10 11 13 15 17 19 20 21 23 e
0 2 3 6 7 10 11 15 16 17 19 20 21 e
0 2 3 4 6 7 10 11 13 15 16 19 20 e
0 2 3 7 10 11 13 15 16 18 19 21 23 e
0 2 3 6 7 10 11 13 15 16 19 20 21 e
0 2 4 7 10 11 13 15 16 19 20 21 23 e
0 2 3 6 7 10 11 13 15 17 19 20 21 e
0 2 3 7 9 10 11 13 15 17 19 21 23 e
0 2 3 6 7 9 10 11 13 15 19 20 23 e
0 3 6 7 10 11 13 15 16 17 19 20 23 e
0 2 6 7 10 11 13 15 16 17 19 20 21 e
0 2 3 7 10 11 13 15 16 17 19 20 21 e
0 2 3 6 10 11 13 15 16 17 19 20 23 e
0 2 3 6 7 10 11 13 15 16 17 18 19 e
0 2 3 7 9 10 11 13 15 16 17 20 23 e
0 2 3 6 7 9 10 11 13 15 16 19 20 e
0 2 3 6 7 9 10 11 13 15 17 19 20 e
0 2 3 4 7 10 11 13 15 16 19 21 23 e
0 2 3 7 10 11 13 15 16 17 18 20 23 e
0 1 2 3 7 10 11 13 15 17 18 19 23 e
0 2 3 7 9 10 11 13 15 19 20 21 23 e
0 2 3 7 10 11 13 15 16 17 20 21 23 e
0 2 3 6 7 9 10 11 15 16 19 20 21 e
0 2 3 6 7 10 13 15 16 17 19 20 21 e
0 2 3 6 7 10 11 13 15 16 17 19 21 e
0 3 7 10 11 13 15 16 17 19 20 21 23 e
0 2 3 6 7 9 11 13 15 16 17 19 20 e
0 1 2 3 7 9 10 11 13 15 19 20 23 e
0 2 3 4 6 7 10 13 15 16 17 19 20 e
2 3 4 7 9 10 11 13 15 16 19 20 23 e
0 1 2 3 7 10 11 13 15 16 18 19 23 e
0 2 3 7 11 13 15 16 17 19 20 21 23 e
0 1 2 3 7 10 11 13 15 16 17 19 20 e
0 2 3 4 6 7 10 11 13 15 16 18 19 e
0 2 3 6 7 9 10 13 15 16 17 19 20 e
0 2 3 6 9 10 11 13 15 17 19 20 23 e
0 2 3 7 9 10 11 13 15 17 20 21 23 e
0 1 2 3 7 9 10 13 15 17 19 20 23 e
0 2 4 6 7 10 11 13 15 16 19 20 21 e
0 2 3 6 7 9 10 13 15 17 19 20 23 e
0 2 3 6 9 10 11 13 15 16 19 20 23 e
0 2 3 4 6 10 11 13 15 16 19 20 23 e
0 2 3 7 11 13 15 16 17 18 19 20 23 e
0 2 3 6 7 10 11 13 15 17 18 19 21 e
0 1 2 3 10 11 13 15 16 17 19 20 23 e
0 2 3 4 6 7 10 15 16 17 19 20 21 e
0 2 3 6 10 11 13 15 16 17 18 19 23 e
0 2 3 6 7 9 10 11 13 15 17 18 19 e
0 2 3 4 7 10 11 13 15 16 19 20 21 e
0 2 3 6 7 9 10 11 13 15 16 18 19 e
0 2 3 6 7 9 10 11 13 15 17 19 21 e
0 2 7 9 10 11 13 15 16 17 19 21 23 e
0 1 2 3 7 9 10 11 13 15 18 19 23 e
0 2 3 7 9 10 13 15 17 19 20 21 23 e
0 2 3 7 9 10 11 13 15 16 17 18 23 e
0 2 3 4 7 10 11 13 15 16 18 20 23 e
0 3 4 7 10 11 13 15 16 19 20 21 23 e
0 2 3 6 7 9 10 11 13 15 16 17 20 e
0 2 3 7 10 11 13 15 16 17 18 19 21 e
0 3 7 10 11 13 15 16 17 18 19 21 23 e
0 2 3 7 9 10 11 13 15 18 19 21 23 e
0 1 2 3 7 10 11 13 15 19 20 21 23 e
0 2 3 6 7 10 11 13 15 16 17 18 20 e
0 3 6 7 10 11 13 15 16 17 19 20 21 e
0 1 2 3 4 10 11 13 15 16 19 20 23 e
0 1 2 3 7 10 11 15 16 17 19 20 21 e
0 2 3 4 7 10 11 13 15 16 20 21 23 e
0 2 3 4 7 11 13 15 16 18 19 20 23 e
0 2 7 9 10 11 13 15 16 17 20 21 23 e
0 2 3 6 9 10 11 13 15 16 18 19 23 e
2 3 4 7 9 10 11 13 15 16 18 19 23 e
0 2 3 4 7 9 10 11 13 15 16 18 23 e
0 1 2 3 10 11 13 15 16 17 18 19 23 e
0 1 2 3 7 9 10 13 15 17 18 19 23 e
0 2 3 6 7 10 11 15 16 17 18 20 21 e
0 2 3 4 7 10 11 13 15 16 18 19 21 e
0 2 3 4 6 7 10 11 13 15 16 18 20 e
0 3 6 7 10 11 13 15 16 17 18 19 21 e
0 1 2 3 7 10 11 13 15 18 19 21 23 e
