100
0 1 3 6 8 11 16 e
0 1 3 6 8 10 22 e
0 1 3 6 8 10 16 e
0 1 3 6 8 14 16 e
0 1 3 6 8 16 23 e
0 1 3 6 8 10 14 e
0 1 3 6 8 10 23 e
0 1 3 6 8 22 23 e
0 1 3 6 8 11 14 16 e
0 1 3 4 8 11 16 e
0 1 3 6 8 10 11 16 e
0 1 3 4 6 14 16 e
0 1 3 4 6 11 16 e
0 1 3 6 8 10 11 22 e
0 1 3 4 6 10 14 e
0 1 3 4 6 10 16 e
0 1 3 4 8 10 16 e
0 1 3 4 8 16 22 e
0 1 3 6 8 10 14 16 e
0 1 3 4 6 16 22 e
0 1 3 4 8 10 23 e
0 1 3 4 8 10 22 e
0 1 3 4 6 14 22 e
0 1 3 4 6 10 22 e
0 1 3 6 8 10 16 23 e
0 1 3 6 8 10 22 23 e
0 1 3 6 8 10 14 23 e
0 1 3 4 6 10 23 e
0 1 3 4 8 20 22 e
0 1 3 5 6 11 16 e
0 1 3 4 6 11 14 16 e
0 1 3 4 8 11 16 22 e
0 1 3 4 8 10 11 16 e
0 1 3 4 8 10 16 22 e
0 1 3 6 8 10 17 23 e
0 1 3 6 8 10 11 14 16 e
0 1 3 4 6 20 22 e
0 1 3 6 8 10 11 16 23 e
0 1 3 4 6 10 14 16 e
0 1 3 4 6 11 16 22 e
0 1 2 3 16 e
0 1 3 5 6 10 14 e
0 1 3 4 6 10 11 16 e
0 1 3 6 8 10 11 12 22 e
0 1 3 4 6 10 16 22 e
0 1 3 6 8 10 11 22 23 e
0 1 2 3 10 e
0 1 3 4 6 10 16 23 e
0 1 3 4 6 14 16 22 e
0 1 3 4 6 10 11 22 e
0 1 3 4 8 10 16 23 e
0 1 3 4 6 10 14 22 e
0 1 3 5 6 14 16 e
0 1 3 6 8 10 14 16 23 e
0 1 3 4 6 10 14 23 e
0 1 3 4 6 8 e
0 1 3 4 8 10 22 23 e
0 1 3 5 8 11 16 e
0 1 3 4 8 10 17 23 e
0 1 3 4 6 10 22 23 e
0 1 2 3 22 e
0 1 3 4 6 10 17 23 e
0 1 2 3 10 16 e
0 1 3 5 6 10 11 22 e
0 1 2 3 15 e
0 1 3 4 8 16 20 22 e
0 1 3 4 8 10 20 22 e
0 1 3 4 6 13 20 e
0 1 3 4 6 10 11 14 16 e
0 1 3 6 8 10 16 17 23 e
0 1 3 8 10 11 12 16 17 18 22 e
0 1 2 3 16 22 e
0 1 3 4 6 16 20 22 e
0 1 3 6 8 10 14 17 23 e
0 1 3 4 5 11 16 e
0 1 3 5 8 16 23 e
0 1 3 4 6 14 20 22 e
0 1 3 4 8 10 11 16 23 e
0 1 3 4 6 10 11 16 22 e
0 1 3 4 8 10 11 16 22 e
0 1 3 4 8 10 16 22 23 e
0 1 3 4 6 10 14 16 23 e
0 1 3 4 8 12 20 22 e
0 1 3 4 6 10 14 16 22 e
0 1 2 3 8 e
0 1 3 6 8 10 11 12 22 23 e
0 1 3 4 6 8 16 e
0 1 2 3 e
0 1 3 6 8 10 11 12 17 22 e
0 1 3 4 8 10 16 17 23 e
0 1 3 4 8 10 16 20 22 e
0 1 3 4 6 8 10 e
0 1 3 4 6 8 14 e
0 1 3 4 5 20 22 e
0 1 3 4 6 8 22 e
0 1 3 4 8 10 17 22 23 e
0 1 3 4 6 8 23 e
0 1 3 4 8 10 12 20 22 e
0 1 3 4 6 8 20 e
0 1 3 4 5 8 e
