100
1 10 11 12 24 e
1 6 10 11 12 e
6 8 10 11 12 e
1 6 10 13 27 e
1 6 12 13 27 e
1 6 10 12 13 e
1 6 10 22 27 e
1 6 10 12 22 e
1 12 13 17 27 e
10 11 12 22 24 e
1 8 10 11 12 e
6 8 10 12 22 e
1 10 17 22 23 e
1 10 12 22 24 e
1 10 12 17 22 e
1 10 11 12 17 e
1 8 10 12 22 e
1 10 13 17 27 e
1 6 10 11 27 e
1 6 12 22 27 e
1 12 17 22 27 e
1 10 12 13 17 e
1 12 17 22 25 e
1 12 17 18 22 e
1 6 10 18 22 e
1 10 17 22 25 e
1 10 17 18 22 e
10 12 18 22 24 e
1 10 13 17 25 e
1 6 10 11 23 e
1 6 10 13 18 e
1 10 11 23 24 e
1 10 13 17 18 e
1 10 22 24 27 e
6 8 10 13 27 e
1 8 10 13 17 e
1 10 11 24 27 e
1 10 17 22 27 e
1 6 12 18 22 e
6 8 12 22 27 e
1 10 11 17 27 e
1 8 10 22 23 e
8 10 22 24 27 e
1 10 11 17 23 e
8 10 12 17 22 e
8 10 11 24 27 e
1 6 10 11 25 e
6 10 12 13 22 e
1 8 10 11 17 e
1 8 10 11 26 e
1 12 13 17 18 e
6 10 11 12 22 e
1 6 10 12 18 e
1 8 12 13 27 e
6 8 10 22 27 e
10 17 18 22 24 e
6 8 10 11 27 e
1 8 10 22 25 e
1 8 10 13 27 e
1 10 12 13 22 e
1 10 18 22 24 e
1 8 10 17 22 e
1 10 11 17 25 e
1 8 9 10 22 e
6 10 12 18 22 e
1 6 10 11 26 e
10 12 22 24 27 e
6 8 10 18 22 e
1 8 12 22 27 e
10 11 22 24 27 e
8 10 17 22 25 e
1 10 12 18 22 e
8 12 13 17 27 e
1 6 8 10 12 13 e
1 6 10 22 26 e
1 6 10 11 12 22 e
10 12 13 17 22 e
10 11 12 24 27 e
10 11 12 17 24 e
1 6 10 11 22 e
1 6 11 26 27 e
1 10 11 22 26 e
1 8 10 22 27 e
1 10 13 22 26 e
1 12 18 22 26 e
1 10 12 13 27 e
10 11 17 22 24 e
1 6 10 12 13 22 e
1 6 10 11 18 e
1 10 18 22 26 e
1 6 8 10 11 12 e
1 10 11 12 22 24 e
10 22 23 24 27 e
8 12 17 22 27 e
1 6 10 12 18 22 e
1 6 10 12 13 18 e
1 6 8 10 12 22 e
1 6 10 12 22 25 e
1 10 12 18 22 24 e
1 6 12 13 18 e
