100
1 10 15 23 e
1 10 15 18 e
0 1 10 23 e
0 1 10 18 e
8 10 15 23 e
8 10 15 18 e
0 8 10 23 e
0 8 10 18 e
1 10 19 23 e
10 15 21 23 e
1 10 12 15 e
0 1 15 23 e
10 15 18 21 e
1 10 15 16 e
1 10 18 19 e
0 1 10 12 e
1 10 16 18 e
0 10 21 23 e
0 1 15 18 e
0 1 10 15 e
1 10 15 19 e
10 13 15 23 e
8 10 12 15 e
0 10 18 21 e
0 1 10 19 e
3 10 15 23 e
1 10 16 23 e
1 10 18 20 e
1 10 20 23 e
1 10 15 20 e
10 13 15 18 e
8 10 19 23 e
0 15 21 23 e
1 10 15 21 e
0 10 13 23 e
0 8 15 23 e
0 1 3 10 e
0 1 16 23 e
8 10 15 21 e
1 15 21 23 e
0 1 7 10 e
0 1 10 24 e
8 15 21 23 e
1 2 10 19 e
8 10 18 19 e
0 8 10 12 e
3 10 15 18 e
0 1 10 16 e
1 15 20 23 e
0 10 13 18 e
1 15 18 20 e
1 3 10 15 23 e
8 10 15 19 e
0 8 15 18 e
0 15 18 21 e
0 1 10 20 e
0 1 16 18 e
0 3 10 23 e
0 8 10 15 e
8 15 18 21 e
0 13 15 23 e
1 10 15 23 24 e
0 8 10 19 e
10 12 15 21 e
0 1 18 23 e
0 1 3 15 23 e
1 15 18 21 e
1 3 10 15 18 e
0 1 10 15 23 e
1 10 13 15 23 e
10 19 21 23 e
0 3 10 18 e
1 10 15 16 23 e
0 1 10 21 e
1 10 15 20 23 e
0 1 3 10 23 e
5 10 15 18 e
1 10 13 15 18 e
0 1 10 15 18 e
1 10 15 16 18 e
1 5 10 15 18 e
10 18 19 21 e
0 10 15 21 e
3 8 10 15 23 e
0 12 18 21 e
0 8 10 21 e
2 8 10 19 e
0 1 10 23 24 e
1 10 15 18 24 e
0 1 3 15 18 e
0 1 3 10 18 e
0 10 12 21 e
0 1 10 13 23 e
1 6 10 15 23 e
1 10 15 21 23 e
0 1 10 20 23 e
0 8 10 20 e
1 15 16 18 23 e
0 1 10 18 24 e
8 10 15 21 23 e
