100
0 1 4 6 8 13 16 e
0 1 4 6 13 15 16 e
0 1 4 6 12 13 16 e
0 1 4 6 8 12 13 e
0 1 4 6 8 13 18 e
0 1 4 6 13 16 17 e
0 1 4 6 8 13 15 e
0 1 4 6 8 13 17 e
0 1 4 6 8 12 16 e
0 1 4 6 8 16 18 e
0 1 4 6 8 10 16 e
0 1 4 6 13 15 17 e
0 1 4 6 12 16 17 e
0 1 4 6 12 13 15 e
0 1 4 5 6 e
0 1 4 6 12 13 17 e
0 1 4 6 8 15 17 e
0 1 4 6 8 15 18 e
0 1 4 6 8 12 18 e
0 3 4 5 6 7 9 e
0 1 4 6 8 10 18 e
0 3 4 5 6 7 13 e
0 1 4 6 10 12 16 e
0 1 4 6 8 12 15 e
0 3 4 5 6 7 16 e
0 1 5 6 8 16 18 e
0 1 4 6 8 12 17 e
0 1 4 6 8 10 12 e
0 1 5 6 8 15 16 e
0 1 5 6 15 16 17 e
0 1 4 6 8 17 18 e
0 1 5 6 12 16 17 e
0 1 5 6 12 15 16 e
0 1 4 6 12 15 17 e
0 1 4 6 8 12 13 16 e
0 3 4 5 6 7 8 e
0 1 5 6 8 15 18 e
0 1 3 4 6 e
0 4 5 6 7 8 9 11 13 16 e
0 1 4 6 10 12 17 e
0 3 4 5 6 7 17 e
0 1 4 5 6 16 e
0 4 5 6 7 9 11 12 13 16 e
0 1 5 6 8 16 17 e
0 4 5 6 7 8 9 12 13 16 e
0 3 4 5 6 7 19 e
0 3 4 5 6 7 12 e
0 1 4 5 6 13 e
0 4 5 6 7 8 9 11 16 18 e
0 1 4 6 8 13 16 18 e
0 3 4 6 7 8 9 11 13 16 e
0 1 5 6 8 12 16 e
0 1 4 6 8 12 13 18 e
0 3 4 5 6 7 10 e
0 1 5 6 8 12 18 e
0 4 5 6 7 8 9 12 13 18 e
0 1 4 6 8 13 15 16 e
0 1 4 5 6 12 e
0 1 4 6 7 e
0 1 4 5 6 8 e
0 4 5 6 7 9 11 13 15 16 e
0 4 5 6 7 8 9 11 13 18 e
0 3 4 6 7 9 11 12 13 16 e
0 1 4 5 6 15 e
0 4 5 6 7 8 9 12 13 17 e
0 1 5 6 8 17 18 e
0 1 4 6 8 13 16 17 e
0 3 4 5 6 8 12 13 16 18 e
0 1 4 5 6 17 e
0 1 4 6 8 12 16 18 e
0 3 4 5 6 7 9 13 e
0 3 4 6 7 9 11 13 15 16 e
0 1 5 6 8 15 17 e
0 1 4 6 8 10 16 18 e
0 1 6 7 8 9 16 e
0 1 4 5 6 10 e
0 1 5 6 12 15 17 e
0 1 5 6 8 12 17 e
0 4 5 6 7 8 9 11 17 18 e
0 3 4 5 6 7 13 16 e
0 1 3 4 6 13 e
0 4 5 6 7 8 9 11 12 15 e
0 3 4 5 6 7 9 11 e
0 1 4 6 8 12 17 18 e
0 1 6 7 8 16 17 e
0 3 4 5 6 7 8 9 e
0 3 4 5 6 7 9 12 e
0 3 4 5 6 7 9 17 e
0 1 3 4 6 19 e
0 1 4 5 6 13 16 e
0 1 4 6 8 10 12 18 e
0 4 5 6 7 9 10 11 12 15 e
0 1 3 4 6 12 e
0 1 5 6 7 e
0 3 4 5 6 7 8 18 e
0 1 3 5 6 e
0 4 5 6 7 8 9 13 16 18 e
0 3 4 6 7 9 10 11 13 16 e
0 4 5 6 7 8 9 10 16 18 e
0 3 4 6 7 8 9 12 13 16 e
