100
0 2 3 8 9 10 11 14 e
0 1 4 8 9 10 11 14 e
0 2 3 9 10 11 13 14 e
0 1 4 9 10 11 13 14 e
0 2 3 8 10 11 13 14 e
0 2 3 8 9 10 11 13 e
0 1 3 8 9 10 11 14 e
0 1 3 9 10 11 13 14 e
0 1 4 8 10 11 13 14 e
0 2 3 9 10 11 12 14 e
0 2 3 7 9 10 11 14 e
0 1 6 8 9 10 11 14 e
0 2 3 8 10 11 12 14 e
0 2 3 8 9 10 13 14 e
0 1 3 8 10 11 13 14 e
0 2 4 9 10 11 13 14 e
0 2 6 9 10 11 13 14 e
0 2 3 8 9 10 11 13 14 e
0 1 4 9 10 11 12 14 e
0 2 3 10 11 12 13 14 e
0 1 4 8 9 10 11 13 14 e
0 2 6 8 9 10 11 14 e
0 2 4 8 9 10 11 14 e
0 1 3 8 9 10 11 13 e
0 1 4 8 9 10 13 14 e
0 3 4 6 9 10 11 13 14 e
0 1 4 8 9 10 11 13 e
0 1 4 10 11 12 13 14 e
0 2 3 9 10 11 12 13 e
0 1 4 8 10 11 12 14 e
0 1 3 9 10 11 12 13 e
0 2 3 8 9 10 11 12 e
0 2 3 7 8 10 11 14 e
0 2 3 8 9 10 12 14 e
0 1 6 8 10 11 13 14 e
0 1 3 8 9 10 11 12 e
0 2 4 8 10 11 13 14 e
0 2 3 8 9 11 13 14 e
0 1 6 8 9 10 11 13 e
0 2 3 9 10 12 13 14 e
0 1 4 8 9 10 12 14 e
0 2 4 8 9 10 11 13 e
0 2 3 7 10 11 13 14 e
0 2 3 7 8 9 10 11 e
0 1 2 10 e
0 2 3 8 9 10 11 12 14 e
0 1 4 8 9 10 11 12 e
0 2 3 8 10 11 12 13 e
0 1 2 10 14 e
0 2 4 9 10 11 12 14 e
0 1 2 10 11 e
0 2 6 8 10 11 13 14 e
0 2 3 7 8 9 10 14 e
0 1 6 8 10 11 12 14 e
0 2 3 7 10 11 12 14 e
0 2 3 8 10 12 13 14 e
0 2 4 8 9 10 13 14 e
0 1 4 7 8 9 10 11 e
0 3 4 6 8 9 10 11 13 e
0 1 4 8 10 11 12 13 e
0 1 2 14 e
0 2 6 8 9 10 11 13 e
0 1 4 9 10 11 12 13 e
0 2 3 7 9 10 13 14 e
0 1 2 11 e
0 2 3 7 8 10 11 13 e
0 1 3 4 10 e
0 2 3 8 9 10 12 13 e
0 2 3 7 9 10 11 12 e
0 1 4 7 9 10 11 13 e
0 1 3 4 10 11 e
0 1 3 8 9 10 11 12 13 e
0 2 3 8 9 10 11 12 13 e
0 1 6 8 9 10 11 12 e
0 1 4 8 10 12 13 14 e
0 2 3 8 9 10 12 13 14 e
0 2 3 7 8 10 13 14 e
0 2 3 7 8 9 10 11 13 e
0 2 3 7 9 10 12 14 e
0 2 3 7 8 9 10 13 e
0 2 3 7 8 10 12 14 e
0 2 3 6 10 e
0 2 3 7 8 10 11 12 e
0 1 2 9 10 e
0 1 6 8 10 11 12 13 e
0 1 2 10 13 e
0 1 2 8 10 e
0 1 4 6 10 e
0 2 3 7 10 12 13 14 e
0 1 4 7 9 10 11 12 e
0 2 3 4 10 e
0 1 2 9 e
0 1 2 9 14 e
0 2 3 4 10 14 e
0 1 3 4 9 10 e
0 1 2 10 11 13 e
0 1 2 9 11 e
0 1 4 6 9 10 e
0 1 2 10 12 e
0 2 3 7 9 10 11 13 e
