100
0 1 3 5 6 e
0 1 3 6 10 12 18 e
0 1 3 6 8 10 18 e
0 1 3 6 10 15 18 e
0 1 3 5 6 19 e
0 1 3 6 8 10 12 e
0 1 2 10 e
0 1 3 4 6 e
0 1 3 6 8 15 18 e
0 1 3 5 6 8 e
0 1 3 6 8 11 12 e
0 1 3 6 11 15 18 e
0 1 3 6 8 10 13 e
1 3 4 5 6 7 14 e
0 1 3 6 12 15 18 e
0 1 3 6 8 11 13 e
0 1 3 5 6 11 e
0 1 3 6 8 12 18 e
0 1 5 6 11 12 19 e
0 1 2 18 e
0 1 5 6 8 11 19 e
0 1 2 8 e
1 2 3 5 6 e
1 3 5 6 7 10 11 14 18 19 e
0 1 3 6 8 13 18 e
0 1 2 11 e
1 3 5 6 7 11 14 15 18 19 e
0 1 5 6 10 11 19 e
1 3 5 6 7 11 12 14 18 19 e
0 1 5 6 8 10 19 e
0 1 3 5 6 12 e
1 2 5 7 14 18 19 e
0 1 3 6 8 12 13 e
0 1 3 6 11 12 13 e
1 2 3 5 7 e
1 2 3 5 10 11 19 e
0 1 3 5 6 13 e
0 1 5 6 8 13 19 e
0 1 5 6 11 13 19 e
0 1 2 16 e
0 1 5 6 10 13 19 e
1 2 5 6 7 e
0 1 2 13 e
1 2 5 6 10 11 19 e
1 2 5 7 11 14 19 e
1 2 5 7 11 14 18 e
1 2 5 7 14 15 18 e
1 2 5 7 14 16 19 e
1 2 5 7 10 14 19 e
1 2 5 6 11 12 19 e
1 2 3 5 11 16 19 e
0 1 5 6 8 11 13 e
1 2 5 6 11 16 19 e
1 2 3 7 11 14 18 e
1 2 5 7 14 16 18 e
0 2 3 5 8 10 19 e
1 2 5 7 11 14 16 e
0 1 3 5 8 11 19 e
0 1 3 4 6 10 e
0 1 3 6 7 e
0 1 3 5 8 10 19 e
0 1 3 5 8 13 19 e
0 2 3 5 6 e
1 2 5 7 10 11 19 e
1 2 6 7 11 14 18 e
1 2 5 7 11 16 19 e
0 1 3 5 6 8 19 e
0 2 3 5 8 13 19 e
0 1 3 4 6 18 e
0 2 3 4 5 e
0 1 3 5 10 11 19 e
0 1 2 10 18 e
0 1 2 8 10 e
1 2 5 6 7 14 e
1 2 3 6 7 e
1 2 4 6 9 10 18 e
1 2 5 7 14 16 17 e
0 2 4 5 6 e
0 1 3 5 10 13 19 e
1 2 5 7 16 17 19 e
0 1 3 5 6 11 19 e
0 1 3 5 11 13 19 e
1 2 4 5 6 e
1 2 3 5 7 14 e
0 1 3 5 6 8 11 e
0 1 2 8 18 e
1 2 5 6 7 19 e
1 2 3 5 7 19 e
0 1 4 6 9 10 11 e
0 1 3 5 8 11 13 e
0 1 4 5 6 e
1 2 3 4 7 e
1 2 5 7 11 16 17 e
0 1 2 5 e
1 2 3 4 5 e
1 2 3 5 7 11 e
1 2 5 6 7 11 e
0 1 2 6 e
1 2 3 5 7 16 e
1 3 5 6 7 12 14 15 18 19 e
