100
0 1 3 4 5 6 7 8 9 10 11 12 13 14 e
0 1 2 3 4 5 7 8 9 10 11 12 13 14 e
0 1 2 3 4 5 6 7 8 9 10 11 12 13 14 e
0 1 3 4 5 7 8 9 10 11 12 14 e
0 1 3 4 6 7 8 9 10 11 12 13 14 e
0 1 2 3 4 7 8 9 10 11 12 13 14 e
1 2 3 4 5 7 8 9 10 11 12 13 14 e
0 1 2 3 4 6 7 8 9 10 11 12 13 14 e
0 1 3 4 7 8 9 10 11 12 14 e
0 1 3 4 5 7 8 9 10 11 12 13 14 e
1 2 3 4 5 6 7 8 9 10 11 12 13 14 e
0 1 3 4 7 8 9 10 11 12 13 14 e
0 1 3 4 5 7 8 9 10 12 14 e
0 1 4 5 7 8 9 10 11 12 14 e
0 1 4 7 8 9 10 11 12 14 e
0 1 2 3 4 7 8 9 10 11 12 14 e
0 1 2 4 5 7 8 9 10 11 12 13 14 e
0 1 2 3 4 5 7 8 9 10 11 12 14 e
0 1 3 4 5 7 8 9 10 12 13 14 e
1 2 3 4 6 7 8 9 10 11 12 13 14 e
0 1 2 3 4 5 6 7 8 9 10 12 13 14 e
0 1 2 3 4 6 7 8 9 10 12 13 14 e
0 1 3 4 7 8 9 10 12 14 e
0 1 2 3 4 5 7 8 9 10 12 13 14 e
0 1 2 4 7 8 9 10 11 12 13 14 e
1 3 4 5 7 8 9 10 11 12 13 14 e
0 1 4 6 7 8 9 10 11 12 13 14 e
1 3 4 5 7 8 9 10 11 12 14 e
0 1 3 4 7 8 9 10 12 13 14 e
0 1 3 4 5 7 8 9 11 12 14 e
0 1 2 4 5 7 8 9 10 11 12 14 e
0 1 2 4 5 6 7 8 9 10 11 12 13 14 e
0 1 2 3 4 5 7 8 9 10 12 14 e
0 1 4 5 6 7 8 9 10 11 12 13 14 e
0 1 3 4 7 8 9 11 12 14 e
1 3 4 7 8 9 10 11 12 13 14 e
0 1 4 5 7 8 9 10 11 12 13 14 e
0 1 3 4 5 7 8 9 11 12 13 14 e
0 1 2 3 4 5 8 9 10 11 12 13 14 e
0 1 2 4 7 8 9 10 11 12 14 e
0 1 4 5 7 8 9 10 12 14 e
0 1 3 4 5 6 7 8 9 10 12 13 14 e
0 1 2 3 4 5 6 7 8 9 11 12 13 14 e
0 1 2 3 4 7 8 9 10 12 14 e
1 3 4 7 8 9 10 11 12 14 e
0 1 2 4 6 7 8 9 10 11 12 13 14 e
0 1 2 4 5 7 8 9 10 12 13 14 e
0 1 2 3 4 8 9 10 11 12 13 14 e
0 1 4 5 6 7 8 9 10 12 13 14 e
0 1 3 4 7 8 9 11 12 13 14 e
0 1 3 4 5 6 7 8 9 11 12 13 14 e
0 1 2 3 4 7 8 9 10 12 13 14 e
0 1 3 4 6 7 8 9 10 12 13 14 e
0 1 3 7 8 9 10 11 12 14 e
1 2 3 4 5 7 8 9 10 12 13 14 e
1 3 4 5 6 7 8 9 10 11 12 13 14 e
0 1 4 7 8 9 10 11 12 13 14 e
0 1 3 4 5 8 9 10 11 12 13 14 e
0 1 3 4 8 9 10 11 12 13 14 e
0 1 2 3 4 5 6 7 8 9 10 13 14 e
0 1 2 3 4 5 8 9 10 12 13 14 e
1 4 5 7 8 9 10 11 12 13 14 e
0 1 3 4 5 7 8 9 12 14 e
1 3 4 6 7 8 9 10 11 12 13 14 e
0 1 4 5 7 8 9 10 12 13 14 e
1 4 5 7 8 9 10 11 12 14 e
1 3 4 5 7 8 9 10 12 13 14 e
0 1 3 7 8 9 10 11 12 13 14 e
1 3 4 5 7 8 9 10 12 14 e
0 1 2 4 7 8 9 10 12 13 14 e
0 1 2 4 7 8 9 10 12 14 e
0 1 3 4 5 8 9 10 12 13 14 e
0 1 3 4 5 7 8 9 12 13 14 e
1 3 4 5 6 7 8 9 10 12 13 14 e
0 1 4 7 8 9 10 12 13 14 e
0 1 2 4 6 7 8 9 10 12 13 14 e
1 4 7 8 9 10 11 12 13 14 e
0 1 3 4 5 6 7 8 9 10 13 14 e
0 1 4 6 7 8 9 10 12 13 14 e
1 2 3 4 5 6 7 8 9 10 12 13 14 e
0 1 2 4 5 6 7 8 9 10 12 13 14 e
0 1 2 3 6 7 8 9 10 11 12 13 14 e
0 1 2 4 8 9 10 11 12 13 14 e
0 1 2 4 5 8 9 10 11 12 13 14 e
0 1 4 7 8 9 10 12 14 e
0 1 2 3 4 5 6 7 8 9 12 13 14 e
0 1 4 5 6 7 8 9 10 13 14 e
0 1 3 7 8 9 10 12 14 e
1 4 5 7 8 9 10 12 13 14 e
0 1 2 3 4 5 8 9 10 12 14 e
0 1 2 3 4 5 8 9 10 11 12 14 e
0 1 3 6 7 8 9 10 12 13 14 e
0 1 3 7 8 9 10 12 13 14 e
0 1 2 4 8 9 10 12 13 14 e
0 1 2 4 6 7 8 9 10 13 14 e
0 1 2 3 7 8 9 10 12 13 14 e
0 1 2 3 6 7 8 9 10 12 13 14 e
0 1 2 4 5 6 7 8 9 10 13 14 e
0 1 2 3 7 8 9 10 12 14 e
0 1 2 4 5 8 9 10 12 13 14 e
