100
0 3 6 8 9 e
0 3 8 9 24 e
0 6 8 9 21 e
0 3 6 9 11 e
3 6 8 9 11 e
0 3 6 8 24 e
0 3 6 8 21 e
0 3 8 9 27 e
0 3 6 8 18 e
0 8 9 21 24 e
0 6 8 9 18 e
3 6 7 8 9 e
4 6 8 9 21 e
3 6 8 9 18 e
0 3 6 9 23 e
3 8 9 11 24 e
0 6 8 19 21 e
0 6 8 9 24 e
3 6 9 11 14 e
0 3 6 9 24 e
3 6 8 9 24 e
3 6 8 9 21 e
0 6 8 21 24 e
0 3 9 23 24 e
3 6 8 21 24 e
0 3 8 21 24 e
0 6 9 11 21 e
0 3 8 18 24 e
0 8 9 21 27 e
0 3 6 9 27 e
0 6 7 9 21 e
0 6 8 18 21 e
0 3 9 11 24 e
6 8 9 21 24 e
3 6 9 11 18 e
6 7 8 9 21 e
6 8 9 18 21 e
3 8 9 18 24 e
3 6 8 9 23 e
3 7 8 9 24 e
0 3 6 11 24 e
0 3 8 24 27 e
0 3 9 24 27 e
3 6 7 8 21 e
6 8 9 19 21 e
0 6 9 18 21 e
0 6 9 21 23 e
3 8 9 24 27 e
0 6 9 21 24 e
0 3 6 18 24 e
4 6 8 21 24 e
8 9 11 21 24 e
3 6 8 9 27 e
0 8 19 21 24 e
6 8 19 21 24 e
3 9 11 14 24 e
3 6 8 18 21 e
3 8 9 18 27 e
0 8 9 18 24 e
3 6 9 11 24 e
0 3 6 21 24 e
0 3 8 18 27 e
0 6 8 20 21 e
3 6 8 13 24 e
6 9 11 21 24 e
0 8 18 21 24 e
7 8 9 21 24 e
0 3 6 7 8 e
6 9 11 18 21 e
3 6 11 21 24 e
6 8 18 19 21 e
3 6 8 19 24 e
0 6 11 21 24 e
3 7 8 21 24 e
6 8 11 21 24 e
3 8 21 24 27 e
0 6 9 21 27 e
0 8 21 24 27 e
6 7 8 19 21 e
3 8 11 21 24 e
0 6 9 11 24 e
3 9 11 24 27 e
0 3 11 21 24 e
8 9 18 21 24 e
8 9 21 24 27 e
3 4 8 21 24 e
3 6 8 18 20 e
1 3 8 21 24 e
0 6 19 21 24 e
8 9 21 23 24 e
0 8 12 21 24 e
0 3 8 12 21 e
8 19 21 24 27 e
3 8 21 23 24 e
8 9 18 21 27 e
6 8 9 20 21 e
3 6 8 21 23 e
8 11 19 21 24 e
9 11 21 24 27 e
6 8 9 18 24 e
