100
0 2 3 5 6 7 11 12 e
0 2 3 5 6 10 11 12 e
0 2 3 4 5 6 11 12 e
0 2 3 5 6 11 12 13 e
0 2 3 5 7 10 11 12 e
0 2 3 4 5 7 11 12 e
2 3 5 6 7 10 11 12 e
0 2 3 5 7 11 12 13 e
0 2 3 5 10 11 12 13 e
0 2 3 4 5 10 11 12 e
0 2 3 4 5 6 7 12 e
2 3 4 5 6 7 11 12 e
0 2 3 4 5 6 12 13 e
0 2 3 5 6 10 12 13 e
1 2 3 4 5 6 11 12 e
0 2 3 5 6 7 10 12 e
2 3 5 6 7 11 12 13 e
1 2 3 5 6 10 11 12 e
0 1 2 3 5 10 11 12 e
0 1 2 3 5 6 11 12 e
2 3 5 6 10 11 12 13 e
0 2 3 4 5 11 12 13 e
0 2 3 5 6 9 11 12 e
0 2 3 4 5 6 10 12 e
0 2 3 5 9 11 12 13 e
1 2 3 5 6 7 11 12 e
1 2 3 5 6 11 12 13 e
0 3 5 6 7 11 12 14 e
0 3 4 5 6 11 12 14 e
0 2 3 5 6 7 12 13 e
0 2 3 5 7 9 11 12 e
0 2 3 4 5 9 11 12 e
0 3 5 6 10 11 12 14 e
0 3 5 6 11 12 13 14 e
0 2 3 5 9 10 11 12 e
2 3 4 5 6 10 11 12 e
2 3 4 5 6 11 12 13 e
0 2 3 5 7 10 12 13 e
2 3 5 6 7 9 11 12 e
0 3 5 7 10 11 12 14 e
0 2 3 6 7 10 11 12 e
0 2 3 5 11 12 13 14 e
0 2 3 6 10 11 12 13 e
2 3 5 6 9 11 12 13 e
0 2 3 5 6 7 10 11 e
1 2 3 5 7 10 11 12 e
0 2 3 4 5 7 10 12 e
0 2 3 4 5 7 12 13 e
0 2 3 5 6 10 11 13 e
2 3 4 5 6 7 10 12 e
0 2 3 4 5 6 7 11 e
2 3 4 5 6 9 11 12 e
2 3 5 6 8 11 12 13 e
0 3 4 5 7 11 12 14 e
0 2 3 4 5 6 10 11 e
0 2 3 4 5 10 12 13 e
0 3 5 10 11 12 13 14 e
2 3 5 6 9 10 11 12 e
2 3 5 6 7 10 12 13 e
3 4 5 6 7 11 12 14 e
0 2 3 4 6 10 11 12 e
1 2 3 5 6 9 11 12 e
2 3 4 5 6 7 12 13 e
3 5 6 7 10 11 12 14 e
2 3 5 6 8 10 11 12 e
0 3 5 7 11 12 13 14 e
0 2 3 4 6 7 11 12 e
0 2 3 4 5 7 9 12 e
1 2 3 5 10 11 12 13 e
0 3 4 5 10 11 12 14 e
0 3 4 5 11 12 13 14 e
0 2 3 5 7 9 12 13 e
1 3 5 6 10 11 12 14 e
2 3 4 5 6 10 12 13 e
0 2 3 4 5 9 12 13 e
1 2 3 5 6 7 10 12 e
0 1 3 5 10 11 12 14 e
1 2 3 4 5 10 11 12 e
0 3 4 5 9 11 12 14 e
0 3 5 7 9 11 12 14 e
0 2 3 5 9 10 12 13 e
0 2 3 4 5 7 10 11 e
0 3 5 6 7 12 13 14 e
0 2 3 5 6 11 13 14 e
0 2 3 4 6 11 12 13 e
3 5 6 10 11 12 13 14 e
3 4 5 6 10 11 12 14 e
0 2 3 5 7 9 10 12 e
3 4 5 6 11 12 13 14 e
0 3 5 6 7 10 12 14 e
2 3 5 7 9 10 11 12 e
0 2 3 4 5 6 9 12 e
2 3 5 7 10 11 12 13 e
0 3 5 9 11 12 13 14 e
1 2 3 5 7 9 11 12 e
2 3 4 5 6 7 9 12 e
0 3 5 9 10 11 12 14 e
2 3 5 6 7 9 12 13 e
0 3 4 5 7 10 12 14 e
2 3 5 6 7 10 11 13 e
