100
1 3 5 6 7 8 9 10 11 12 13 14 e
2 3 5 6 7 8 9 10 11 12 13 14 e
2 3 4 5 6 7 8 9 10 11 12 13 14 e
1 2 3 4 5 6 7 8 9 10 11 12 13 14 e
3 5 6 7 8 9 10 11 12 13 14 e
2 3 5 6 7 9 10 11 12 13 14 e
3 4 5 6 7 8 9 10 11 12 13 14 e
1 2 3 5 6 7 8 9 10 11 12 13 14 e
1 2 3 5 6 7 9 10 11 12 13 14 e
0 1 2 3 5 6 7 8 9 10 11 12 13 14 e
0 3 4 5 6 7 8 9 10 11 12 13 14 e
0 1 3 4 5 6 7 8 9 10 11 12 13 14 e
2 3 4 5 6 7 8 9 10 11 12 13 e
0 1 3 5 7 8 9 10 11 12 13 14 e
3 5 6 7 9 10 11 12 13 14 e
0 2 3 5 6 7 8 9 10 11 12 13 14 e
1 3 5 6 7 9 10 11 12 13 14 e
2 3 5 7 8 9 10 11 12 13 14 e
2 3 4 5 6 7 9 10 11 12 13 14 e
0 1 2 3 4 5 6 7 8 9 10 11 12 13 14 e
0 2 3 4 5 6 7 8 9 10 11 12 13 14 e
1 2 3 4 5 6 7 9 10 11 12 13 14 e
1 3 5 6 7 8 9 11 12 13 e
1 3 5 6 7 8 9 11 12 13 14 e
3 5 6 7 8 9 10 11 12 13 e
3 5 6 7 8 9 11 12 13 e
2 3 4 5 7 8 9 10 11 12 13 14 e
1 3 5 6 7 8 9 10 11 12 13 e
0 3 5 6 7 8 9 10 11 12 13 14 e
1 2 3 5 7 8 9 10 11 12 13 14 e
1 3 5 7 8 9 10 11 12 13 14 e
0 1 3 5 6 7 8 9 10 11 12 13 14 e
1 2 3 5 6 7 8 9 10 11 12 13 e
1 2 3 4 5 7 8 9 10 11 12 13 14 e
0 1 3 4 5 6 7 8 9 10 11 12 13 e
0 3 4 5 6 7 8 9 10 11 12 13 e
3 5 6 7 8 9 11 12 13 14 e
2 3 5 6 7 8 9 10 11 12 13 e
0 2 3 5 7 8 9 10 11 12 13 14 e
0 1 3 5 6 7 8 9 10 11 12 13 e
2 3 5 6 7 9 10 11 12 13 e
3 4 5 6 7 8 9 11 12 13 14 e
2 3 5 7 8 9 10 11 12 13 e
1 2 3 5 6 7 9 10 11 12 13 e
0 3 5 7 8 9 10 11 12 13 e
1 2 3 4 5 6 7 8 9 10 11 12 13 e
0 2 3 4 5 7 8 9 10 11 12 13 14 e
0 3 5 7 8 9 10 11 12 13 14 e
3 5 7 8 9 10 11 12 13 14 e
1 2 3 5 7 8 9 10 11 12 13 e
0 1 2 3 4 5 7 8 9 10 11 12 13 14 e
1 3 5 6 7 9 10 11 12 13 e
2 3 4 5 7 8 9 11 12 13 14 e
1 3 5 7 8 9 10 11 12 13 e
3 5 7 8 9 11 12 13 14 e
3 5 7 8 9 10 11 12 13 e
3 5 6 7 9 11 12 13 14 e
0 3 5 6 7 8 9 10 11 12 13 e
0 1 2 3 5 7 8 9 10 11 12 13 14 e
3 5 6 7 9 10 11 12 13 e
2 3 5 7 8 9 11 12 13 14 e
0 1 2 3 5 7 8 9 10 11 12 13 e
1 3 5 6 7 9 11 12 13 14 e
3 5 6 7 9 11 12 13 e
1 3 5 7 8 9 11 12 13 14 e
1 3 5 7 9 10 11 12 13 14 e
2 3 4 5 7 9 10 11 12 13 14 e
0 2 3 5 7 8 9 10 11 12 13 e
1 2 3 5 7 8 9 11 12 13 14 e
1 2 3 4 5 7 8 9 10 11 12 13 e
1 2 3 4 5 7 9 10 11 12 13 14 e
0 2 3 4 5 7 8 9 10 11 12 13 e
1 3 5 6 7 9 11 12 13 e
2 3 4 5 7 8 9 10 11 12 13 e
1 2 3 4 5 7 8 9 11 12 13 14 e
2 3 5 7 8 9 11 12 13 e
2 3 4 5 7 8 9 11 12 13 e
3 5 7 8 9 11 12 13 e
1 3 6 7 8 9 11 12 13 14 e
1 2 3 5 7 8 9 11 12 13 e
3 5 7 9 10 11 12 13 14 e
1 2 3 4 5 7 8 9 11 12 13 e
3 4 6 7 8 9 11 12 13 14 e
3 6 7 8 9 11 12 13 e
0 1 3 5 7 8 9 10 11 12 13 e
0 1 2 3 4 5 7 8 9 10 11 12 13 e
2 3 5 7 8 9 10 11 12 14 e
2 3 5 7 9 10 11 12 13 14 e
1 3 5 7 8 9 11 12 13 e
3 6 7 8 9 11 12 13 14 e
1 2 3 5 7 9 10 11 12 13 14 e
2 3 7 8 9 11 12 13 14 e
1 2 3 7 8 9 11 12 13 14 e
1 2 3 4 7 8 9 11 12 13 14 e
2 3 4 7 8 9 11 12 13 14 e
3 7 8 9 11 12 13 14 e
1 3 7 8 9 11 12 13 14 e
2 3 7 8 9 11 12 13 e
2 3 4 7 8 9 11 12 13 e
1 2 3 7 8 9 11 12 13 e
