100
0 2 4 7 8 10 11 e
0 2 4 7 10 11 13 e
0 2 4 8 9 10 11 13 15 16 17 e
0 2 3 4 8 11 16 e
0 2 4 8 10 11 12 13 15 16 17 e
0 2 4 7 9 10 11 e
0 2 4 8 10 11 12 13 14 15 16 e
0 2 4 8 10 11 13 14 15 16 17 e
0 2 4 7 10 11 16 e
0 2 4 8 9 10 11 13 14 16 17 e
0 2 3 4 8 11 17 e
0 2 4 8 9 10 11 13 14 15 16 e
0 2 4 7 11 16 17 e
0 2 3 4 8 11 13 e
0 2 4 7 8 10 13 e
0 2 4 7 8 10 17 e
0 2 4 7 9 11 13 e
0 2 4 7 9 11 16 e
0 2 4 7 11 13 16 e
0 2 3 4 11 15 16 e
0 2 4 7 11 13 17 e
0 2 4 8 9 10 11 12 13 15 16 e
0 2 4 7 8 9 10 e
0 2 4 7 11 14 16 e
0 2 4 7 9 11 17 e
0 2 4 7 9 10 17 e
0 2 4 7 10 11 17 e
0 2 4 7 10 13 17 e
0 2 4 7 11 15 16 e
0 2 4 8 10 11 12 14 15 16 17 e
0 2 4 7 9 13 17 e
0 2 3 4 8 11 14 e
0 2 4 7 10 15 17 e
0 2 3 4 11 16 17 e
0 2 4 7 9 10 13 e
0 2 4 10 11 12 13 14 15 16 17 e
0 2 4 8 11 12 13 14 15 16 17 e
0 2 4 9 10 11 13 14 15 16 17 e
0 2 4 7 11 14 17 e
0 2 3 4 11 14 16 e
0 2 4 7 11 13 14 e
0 2 4 8 9 10 11 14 15 16 17 e
0 2 4 7 8 10 14 e
0 2 3 4 11 14 17 e
0 2 4 8 9 10 11 12 15 16 17 e
0 2 3 4 8 14 17 e
0 2 4 7 13 15 17 e
0 2 4 7 9 11 14 e
0 2 4 7 10 11 14 e
0 2 4 7 9 10 14 e
0 2 4 7 9 10 11 13 e
0 2 4 7 14 15 17 e
0 2 4 9 10 11 12 13 15 16 17 e
0 2 4 7 13 14 17 e
0 2 4 8 9 10 11 12 14 15 16 e
0 2 4 7 9 10 11 16 e
0 2 4 7 10 13 14 e
0 2 4 7 10 14 17 e
0 1 2 11 e
0 2 4 7 10 11 14 16 e
0 2 4 7 9 15 17 e
0 2 4 9 10 11 12 13 14 15 16 e
0 2 4 7 10 11 16 17 e
0 2 4 7 10 11 13 17 e
0 2 4 7 8 10 11 16 e
0 1 2 8 e
0 2 4 7 9 11 13 16 e
0 2 4 7 9 14 17 e
0 2 4 7 9 13 14 e
0 2 4 7 11 15 16 17 e
0 2 4 7 10 11 15 16 e
0 2 4 7 11 13 16 17 e
0 2 4 7 10 11 13 16 e
0 2 4 7 11 13 14 16 e
0 1 2 13 e
0 2 4 7 11 14 15 16 e
0 2 4 7 9 10 11 17 e
0 2 4 7 11 12 15 16 e
0 1 2 10 e
0 2 4 7 9 11 13 17 e
0 2 4 7 9 11 16 17 e
0 2 4 7 9 11 15 16 e
0 2 4 7 9 11 14 16 e
0 2 4 7 9 13 15 17 e
0 2 4 7 11 14 16 17 e
0 2 4 7 10 13 15 17 e
0 1 2 10 11 e
0 2 4 7 9 10 15 17 e
0 1 2 8 11 e
0 1 2 17 e
0 1 2 9 e
0 2 4 7 9 11 13 14 e
0 1 2 14 e
0 2 4 7 9 10 13 17 e
0 1 2 11 13 e
0 1 2 9 11 e
0 1 2 9 10 e
0 1 2 8 9 e
0 1 2 9 13 e
0 1 2 8 14 e
