100
4 6 14 16 e
4 6 16 19 e
2 4 6 16 e
4 6 7 16 e
4 11 13 16 e
0 6 14 16 e
4 7 16 17 e
0 6 16 19 e
0 6 7 16 e
4 14 16 17 e
4 6 8 16 e
4 13 16 17 e
4 16 17 19 e
4 11 14 16 e
4 6 11 16 e
4 6 16 17 e
0 7 16 17 e
0 4 6 16 e
4 7 11 16 e
2 4 16 17 e
4 9 11 16 e
4 11 16 19 e
6 7 14 16 e
0 14 16 17 e
1 2 4 6 e
4 13 14 16 e
6 7 16 19 e
0 16 17 19 e
1 4 6 14 e
2 6 7 16 e
2 4 13 16 e
0 11 16 19 e
4 11 15 16 e
4 9 16 17 e
4 6 14 18 e
4 13 16 19 e
1 4 6 8 e
1 4 6 19 e
0 4 16 17 e
2 4 11 16 e
4 8 16 17 e
4 6 10 16 e
4 15 16 17 e
1 4 6 18 e
4 6 18 19 e
1 4 6 16 e
4 12 14 16 e
4 6 11 18 e
6 7 8 16 e
1 4 6 7 e
4 6 13 16 e
1 4 14 17 e
4 14 17 18 e
6 7 10 16 e
4 8 13 16 e
4 7 12 16 e
7 16 17 19 e
1 4 17 19 e
4 9 14 16 e
4 11 16 17 e
4 11 13 18 e
4 6 9 16 e
4 7 13 16 e
4 6 17 18 e
4 8 11 16 e
7 14 16 17 e
4 13 17 18 e
4 6 16 18 e
1 4 6 10 e
7 11 16 19 e
0 11 15 16 e
4 12 16 19 e
7 11 14 16 e
1 2 4 17 e
6 7 16 18 e
1 4 11 19 e
4 6 15 16 e
0 15 16 17 e
4 9 16 19 e
4 10 16 17 e
1 4 7 17 e
2 7 16 17 e
6 14 16 19 e
4 17 18 19 e
2 4 15 16 e
7 9 11 16 e
0 4 11 16 e
0 6 16 17 e
0 1 17 19 e
4 6 7 18 e
1 4 13 18 e
6 7 11 16 e
3 4 14 16 e
1 4 13 16 e
4 5 11 16 e
4 8 15 16 e
4 14 15 16 e
3 4 7 16 e
4 7 17 18 e
7 8 16 17 e
