100
2 3 15 18 e
2 3 14 15 e
1 2 3 18 e
2 11 15 18 e
3 10 15 18 e
2 3 5 18 e
3 15 17 18 e
2 3 16 18 e
1 2 3 14 e
3 6 15 18 e
2 3 15 17 e
3 10 14 15 e
2 11 14 15 e
3 14 15 18 e
2 5 11 18 e
3 5 10 18 e
1 3 18 19 e
2 8 15 18 e
3 5 17 18 e
1 2 11 18 e
2 3 14 16 e
2 7 15 18 e
1 3 10 18 e
1 2 3 19 e
2 3 9 15 e
3 10 16 18 e
2 3 5 14 e
10 11 15 18 e
3 5 6 18 e
3 16 17 18 e
3 14 15 17 e
2 11 15 17 e
1 3 17 18 e
3 13 15 18 e
11 15 17 18 e
3 6 14 15 e
1 2 3 8 e
2 11 16 18 e
2 3 6 15 e
2 3 17 18 e
1 2 3 17 e
1 2 8 18 e
2 8 14 15 e
2 3 5 17 e
1 3 6 18 e
1 3 14 19 e
2 3 16 17 e
3 5 14 18 e
1 2 11 14 e
3 6 16 18 e
2 5 11 14 e
1 3 6 19 e
2 8 11 15 e
2 3 11 15 e
1 3 14 18 e
3 5 14 17 e
3 6 15 17 e
6 11 15 18 e
3 13 15 17 e
11 15 18 19 e
8 10 15 18 e
1 8 18 19 e
2 6 11 15 e
3 5 13 18 e
3 13 14 15 e
1 2 7 18 e
3 14 16 17 e
11 14 15 18 e
2 7 14 15 e
2 11 17 18 e
3 14 16 18 e
3 5 6 14 e
3 10 18 19 e
1 3 14 17 e
3 6 10 15 e
1 3 9 18 e
1 2 3 11 e
1 3 13 18 e
10 11 15 19 e
11 14 15 17 e
2 11 14 16 e
3 10 15 17 e
2 5 11 17 e
5 11 17 18 e
1 3 12 18 e
1 3 6 14 e
1 2 11 17 e
6 8 15 18 e
11 12 15 18 e
3 13 16 18 e
3 6 14 16 e
11 13 15 18 e
1 11 18 19 e
1 11 17 18 e
7 15 17 18 e
5 6 11 18 e
8 14 15 18 e
3 5 13 17 e
2 7 15 17 e
3 5 6 17 e
