100
2 3 5 7 8 10 12 13 15 16 e
2 3 5 7 8 10 13 15 16 19 e
2 3 4 5 7 8 10 13 15 16 e
2 3 4 5 7 8 10 12 15 16 e
2 3 5 7 8 10 13 15 16 18 e
2 3 4 5 7 8 10 15 16 18 e
2 3 5 7 8 9 10 13 15 16 e
2 3 4 5 7 8 10 12 13 15 e
2 3 4 5 7 8 10 15 16 19 e
2 3 5 7 8 10 12 13 16 19 e
2 3 4 5 7 8 9 10 15 16 e
2 3 4 5 7 8 10 12 16 19 e
2 3 5 7 8 10 11 12 13 15 e
3 5 7 8 10 12 13 15 16 18 e
2 4 5 7 8 10 12 14 15 16 e
2 3 5 7 8 9 10 13 16 19 e
2 3 5 7 8 10 12 15 16 18 e
2 3 5 7 8 10 12 15 16 19 e
2 3 5 7 8 10 11 12 15 16 e
2 3 5 7 8 10 12 13 15 19 e
2 3 4 5 7 8 9 10 16 19 e
2 3 4 5 7 8 10 12 15 19 e
2 4 5 7 8 9 10 13 15 16 e
2 4 5 7 8 9 10 15 16 19 e
2 3 4 5 7 8 10 12 16 18 e
2 3 4 5 7 8 9 10 13 15 e
2 3 4 5 7 8 10 12 13 19 e
2 3 4 5 7 8 10 12 15 18 e
2 3 5 7 8 10 12 13 16 18 e
2 3 5 7 8 9 10 13 16 18 e
2 3 4 5 7 8 9 10 16 18 e
2 3 4 5 7 8 10 13 16 19 e
2 3 4 5 7 8 10 13 15 19 e
2 3 4 5 8 10 12 13 15 16 e
2 3 4 5 8 10 13 15 16 19 e
3 4 5 7 8 10 13 15 16 18 e
2 3 4 5 7 8 10 11 12 15 e
2 3 5 7 8 10 13 14 15 16 e
2 5 7 8 9 10 13 15 16 19 e
3 4 5 7 8 10 12 15 16 18 e
3 4 5 7 8 10 12 13 15 18 e
2 3 5 7 8 10 12 14 15 16 e
2 3 4 5 7 8 9 10 13 19 e
2 3 4 5 7 8 10 11 12 19 e
2 5 7 8 9 10 13 14 15 16 e
2 4 5 7 8 9 10 13 16 19 e
3 5 7 8 9 10 13 15 16 18 e
1 2 3 5 7 8 10 11 15 16 e
2 3 5 7 8 10 11 12 13 18 e
2 3 5 8 10 12 13 15 16 19 e
2 4 5 7 8 10 13 15 16 19 e
2 3 5 7 8 9 10 15 16 19 e
2 3 4 5 7 8 10 13 16 18 e
2 3 4 5 7 8 10 12 13 16 e
2 3 4 5 7 8 10 13 15 18 e
2 3 4 5 7 8 13 15 16 19 e
2 3 7 8 10 12 13 15 16 19 e
3 5 7 8 10 12 15 16 18 19 e
2 3 5 7 8 12 13 15 16 19 e
2 5 7 8 10 13 14 15 16 19 e
2 3 4 5 7 8 10 11 12 18 e
2 3 4 5 8 10 12 13 16 18 e
2 3 4 5 8 9 10 13 15 16 e
2 3 4 5 8 10 12 13 16 19 e
2 5 7 8 10 13 14 15 16 18 e
2 3 5 7 8 10 11 12 16 18 e
2 4 5 7 8 10 12 14 16 18 e
2 3 4 5 7 8 10 12 13 18 e
1 2 3 5 7 8 10 11 16 18 e
2 3 5 7 8 10 11 12 15 19 e
3 4 5 7 8 10 11 12 15 18 e
2 3 5 7 8 10 12 16 18 19 e
2 4 7 8 10 12 13 14 15 16 e
2 4 5 7 8 9 10 13 16 18 e
2 3 4 5 7 8 12 15 16 19 e
2 3 4 5 7 8 12 13 15 19 e
2 5 7 8 9 10 13 14 16 19 e
4 5 7 8 9 10 13 15 16 18 e
2 3 7 8 10 13 14 15 16 19 e
2 3 4 5 7 8 13 15 16 18 e
2 4 5 8 9 10 13 15 16 19 e
2 4 5 7 8 9 10 14 16 19 e
2 3 4 5 8 9 10 13 16 18 e
2 3 4 5 7 8 12 13 15 16 e
2 3 4 5 8 10 11 12 13 15 e
3 5 7 8 10 12 13 16 18 19 e
3 4 5 7 8 9 10 13 15 18 e
2 4 7 8 10 12 13 14 15 18 e
1 2 3 7 8 10 14 15 16 18 e
2 4 5 7 8 12 14 15 16 18 e
2 3 4 5 7 8 9 13 15 16 e
2 3 5 7 8 11 12 13 15 16 e
2 3 4 5 7 8 12 13 16 18 e
3 5 7 8 10 11 12 13 18 19 e
2 4 7 8 10 13 14 15 16 18 e
2 3 4 5 7 8 9 13 16 19 e
3 4 5 7 8 9 10 13 16 18 e
2 3 4 5 7 8 11 12 15 16 e
2 5 7 8 9 10 14 15 16 19 e
2 3 4 5 7 8 9 10 13 18 e
