100
2 3 7 8 9 11 13 14 15 16 17 18 21 e
2 3 7 8 9 11 13 15 16 17 21 23 24 e
2 3 7 8 9 11 13 15 16 17 18 19 23 e
2 3 7 8 9 11 13 14 15 16 17 18 19 e
2 3 7 8 9 11 13 14 15 16 17 21 23 e
2 3 7 8 9 11 12 13 14 15 16 17 18 e
2 3 7 8 9 11 13 15 16 17 18 19 21 e
1 2 3 7 8 9 11 13 14 15 16 17 18 e
2 3 7 8 9 11 14 15 16 17 18 21 24 e
2 7 8 9 10 11 13 14 15 16 17 18 21 e
2 3 7 8 9 11 12 13 15 16 17 18 19 e
2 3 7 9 11 12 13 15 16 17 18 19 23 e
2 3 5 7 8 9 11 13 15 16 17 18 21 e
2 3 7 8 9 11 13 14 15 16 17 18 24 e
2 3 5 7 8 9 11 13 15 16 17 21 23 e
2 3 7 8 9 11 12 13 15 16 17 18 21 e
2 3 7 8 9 11 12 13 14 16 17 18 21 e
2 3 7 9 11 13 14 15 16 17 18 19 23 e
2 3 7 8 9 13 15 16 17 18 19 23 24 e
2 3 7 9 11 12 13 14 15 16 17 18 19 e
2 3 7 8 9 11 12 13 16 17 18 19 23 e
2 7 8 9 10 11 13 14 15 16 17 18 19 e
2 3 5 7 8 9 11 13 14 15 16 17 21 e
2 3 7 8 9 11 12 13 14 16 17 18 19 e
2 3 7 8 9 11 12 13 15 16 17 21 23 e
1 2 3 7 8 9 11 13 14 15 16 17 21 e
2 3 7 9 11 13 15 16 17 18 19 23 24 e
2 3 6 7 8 9 11 13 14 16 17 18 21 e
2 3 7 9 11 12 13 15 16 17 18 19 21 e
2 7 8 9 10 11 13 15 16 17 18 19 23 e
1 2 3 7 8 9 11 13 14 16 17 21 23 e
1 2 3 7 9 11 12 13 14 15 16 17 18 e
2 3 5 7 8 9 11 13 14 16 17 18 21 e
2 3 7 8 9 11 13 14 16 17 18 19 23 e
1 2 3 7 8 9 11 14 15 16 17 18 21 e
2 3 7 8 10 11 13 14 15 16 17 18 21 e
2 3 7 8 9 11 13 14 16 17 18 21 24 e
2 3 6 7 8 9 11 13 15 16 17 18 21 e
2 3 6 7 8 9 11 13 16 17 18 19 23 e
2 7 8 9 10 11 14 15 16 17 18 21 24 e
2 7 8 9 10 11 13 15 16 17 18 19 21 e
2 3 7 8 10 11 13 14 15 16 17 21 23 e
2 3 6 7 8 9 11 13 16 17 21 23 24 e
2 3 7 8 10 11 13 15 16 17 18 19 23 e
2 3 7 9 11 12 13 14 15 16 17 18 24 e
3 6 7 8 9 11 13 14 15 16 17 18 21 e
1 2 3 7 8 9 11 13 14 15 16 17 23 e
2 3 7 8 10 11 13 15 16 17 21 23 24 e
2 3 7 8 9 11 12 13 14 16 17 18 24 e
2 7 8 9 10 11 13 14 15 16 17 18 24 e
2 3 5 7 8 9 11 13 14 16 17 21 23 e
2 3 6 7 9 11 13 15 16 17 18 19 23 e
2 5 7 8 9 10 11 13 15 16 17 18 21 e
2 3 7 8 9 11 13 14 15 16 17 23 24 e
1 2 3 7 9 11 13 14 15 16 17 18 19 e
2 3 6 7 8 9 11 13 14 16 17 21 23 e
2 3 7 8 9 11 13 15 16 17 18 20 21 e
2 3 7 8 9 11 13 14 16 17 21 23 24 e
2 3 6 7 8 11 13 14 15 16 17 18 21 e
2 3 7 8 9 11 12 13 16 17 18 19 21 e
2 3 6 7 8 9 11 13 14 15 16 17 18 e
2 3 7 8 9 11 13 14 15 17 18 20 21 e
3 6 7 8 9 11 13 15 16 17 21 23 24 e
3 6 7 8 9 11 13 15 16 17 18 19 23 e
2 3 7 8 10 11 13 14 15 16 17 18 19 e
3 6 7 8 9 11 13 14 15 16 17 18 19 e
3 6 7 8 9 11 13 14 15 16 17 21 23 e
1 2 3 7 8 9 11 14 15 16 17 18 24 e
2 3 5 7 8 9 13 15 16 17 21 23 24 e
2 3 7 9 11 13 14 15 16 17 18 19 24 e
2 3 6 7 8 9 11 13 14 16 17 18 19 e
2 3 7 8 9 11 13 14 15 17 18 19 20 e
2 7 9 10 11 13 14 15 16 17 18 19 23 e
2 3 7 8 9 11 13 15 17 18 19 20 23 e
2 3 7 9 11 12 13 14 15 16 17 23 24 e
2 3 6 7 8 9 11 13 16 17 18 19 21 e
2 3 7 8 9 13 15 16 17 18 19 21 23 e
3 6 7 8 9 11 13 15 16 17 18 19 21 e
2 3 6 7 8 9 11 13 14 15 16 17 23 e
2 3 6 7 8 9 11 13 14 15 16 17 21 e
1 2 3 5 7 8 9 11 13 14 16 17 21 e
2 3 6 7 8 11 13 14 15 16 17 21 23 e
2 3 7 8 9 11 12 13 14 15 17 18 21 e
2 3 5 6 7 8 9 11 13 16 17 18 21 e
2 3 6 7 8 11 13 15 16 17 21 23 24 e
2 3 6 7 8 9 11 14 16 17 18 21 24 e
2 3 5 7 8 9 11 14 15 16 17 21 24 e
2 3 6 7 8 11 13 15 16 17 18 19 23 e
1 2 3 7 8 9 11 12 13 14 15 16 17 e
2 3 6 7 8 11 13 14 15 16 17 18 19 e
3 6 7 8 9 11 14 15 16 17 18 21 24 e
3 5 6 7 8 9 11 13 15 16 17 18 21 e
2 3 5 6 7 8 9 11 13 14 16 17 21 e
1 2 3 7 8 9 11 14 15 16 17 21 24 e
2 3 7 8 9 11 14 15 17 18 20 21 24 e
2 3 6 7 8 9 13 15 16 17 18 19 23 e
2 3 7 8 9 11 13 15 17 18 19 20 21 e
2 3 6 7 8 11 13 15 16 17 18 19 21 e
2 3 7 9 11 13 14 15 17 18 19 20 23 e
2 7 8 9 10 11 13 14 16 17 18 21 24 e
