100
6 7 8 e
5 7 8 e
4 7 8 e
4 6 7 e
6 7 10 e
4 6 8 e
7 8 11 e
2 7 8 e
7 8 10 e
5 7 11 e
4 5 7 e
6 7 11 e
4 7 11 e
7 8 12 e
4 7 10 e
2 6 8 e
5 7 10 e
4 5 6 e
7 8 13 e
6 8 11 e
2 5 7 e
4 5 8 e
2 4 7 e
6 8 12 e
5 8 11 e
6 8 10 e
4 6 11 e
2 5 8 e
7 10 11 e
5 8 12 e
7 8 9 e
4 7 12 e
4 6 10 e
3 7 8 e
2 6 7 e
1 7 8 e
5 6 10 e
4 8 11 e
2 7 10 e
5 7 12 e
2 4 6 e
2 4 8 e
4 6 12 e
2 7 11 e
1 5 7 e
4 7 13 e
4 8 12 e
7 10 12 e
1 4 7 e
2 6 10 e
7 10 13 e
5 8 10 e
4 8 9 e
6 10 12 e
2 8 11 e
4 8 13 e
4 6 13 e
6 10 11 e
4 6 9 e
4 7 9 e
4 8 10 e
2 6 11 e
4 5 11 e
7 11 12 e
8 11 12 e
6 7 12 e
3 6 8 e
7 11 13 e
2 8 10 e
8 10 12 e
3 4 7 e
7 9 10 e
6 11 12 e
6 10 13 e
2 5 11 e
1 7 10 e
8 10 11 e
8 11 13 e
5 11 12 e
1 5 8 e
8 9 11 e
6 9 10 e
1 7 11 e
2 4 11 e
1 4 8 e
1 6 8 e
4 5 10 e
3 7 10 e
2 4 5 e
4 5 12 e
3 7 11 e
7 9 11 e
8 9 10 e
2 5 10 e
1 4 6 e
4 11 12 e
5 10 12 e
2 8 12 e
2 8 13 e
2 10 11 e
