100
2 7 15 18 e
2 15 18 22 e
2 7 9 18 e
7 15 18 22 e
7 15 18 20 e
7 9 15 22 e
2 3 15 18 e
2 6 9 24 e
4 7 15 18 e
2 9 17 22 e
4 7 9 15 e
2 15 18 20 e
2 9 18 22 e
3 15 18 22 e
2 3 9 15 e
7 15 20 21 e
2 15 21 22 e
15 18 20 22 e
2 9 15 22 e
7 15 21 22 e
7 9 18 20 e
2 3 9 18 e
2 6 9 22 e
9 18 22 24 e
4 9 15 22 e
2 9 21 22 e
7 9 18 22 e
9 17 22 24 e
7 9 20 21 e
7 9 21 22 e
2 3 6 9 e
9 17 20 22 e
2 6 15 19 e
3 9 17 22 e
7 9 15 20 e
3 9 15 22 e
2 6 18 19 e
4 15 18 22 e
3 9 21 22 e
3 9 18 22 e
3 15 18 20 e
3 15 21 22 e
15 20 21 22 e
2 4 9 17 e
3 6 9 22 e
9 18 20 22 e
2 7 10 15 e
12 15 18 22 e
9 20 21 22 e
6 9 22 24 e
2 6 15 24 e
2 3 9 10 e
3 8 9 22 e
2 6 15 20 e
4 9 17 22 e
7 8 9 22 e
2 8 15 22 e
4 7 9 18 e
2 4 9 18 e
3 7 15 18 e
2 3 4 9 e
3 4 15 18 e
3 9 10 22 e
2 3 6 15 e
4 7 15 21 e
2 6 15 22 e
6 15 18 22 e
3 6 9 24 e
2 3 10 15 e
4 7 9 21 e
7 8 15 22 e
4 6 7 9 e
2 3 6 18 e
3 9 15 20 e
2 12 15 18 e
2 10 15 22 e
9 12 17 22 e
7 8 15 20 e
2 6 18 20 e
3 8 15 22 e
9 12 18 22 e
10 15 22 24 e
4 9 18 22 e
3 6 15 22 e
3 7 9 15 e
4 15 21 22 e
6 15 22 24 e
6 9 17 22 e
2 6 18 22 e
3 7 9 10 e
4 9 21 22 e
4 7 8 15 e
7 10 15 22 e
2 3 4 18 e
9 10 15 22 e
3 7 9 18 e
3 10 15 22 e
3 4 9 18 e
7 15 17 22 e
6 18 22 24 e
