100
0 3 5 6 7 8 12 13 14 e
0 3 5 6 7 8 10 12 13 e
0 3 5 6 7 8 11 12 14 e
0 3 4 5 8 11 12 13 14 e
0 3 5 6 7 8 11 12 13 e
0 3 5 6 8 11 12 13 14 e
0 3 5 6 7 8 9 12 13 e
1 3 5 6 8 10 12 13 14 e
0 3 5 6 8 10 11 12 13 e
1 3 5 6 7 8 10 12 14 e
0 3 5 6 7 8 10 11 12 e
0 3 5 6 8 10 11 12 14 e
0 3 5 6 7 8 10 11 13 e
0 3 4 5 7 8 10 12 13 e
1 3 5 6 7 8 10 12 13 e
0 3 4 5 7 8 11 12 13 e
0 3 4 5 7 11 12 13 14 e
1 3 5 6 7 8 10 13 14 e
1 3 5 6 7 10 12 13 14 e
0 3 5 6 7 8 9 11 12 e
1 3 5 6 8 10 11 12 14 e
0 3 5 6 7 8 9 10 12 e
0 3 4 5 7 8 10 11 12 e
1 3 5 6 8 10 11 12 13 e
1 3 5 6 8 9 10 12 14 e
1 3 5 6 7 8 12 13 14 e
1 3 5 6 8 9 10 12 13 e
0 3 4 5 7 8 9 10 12 e
1 3 5 6 8 11 12 13 14 e
1 3 4 5 8 10 12 13 14 e
1 3 5 6 7 8 10 11 12 e
0 3 5 6 8 9 10 11 12 e
0 3 5 6 7 8 9 10 13 e
1 3 5 6 10 11 12 13 14 e
0 3 4 5 7 8 9 11 12 e
0 3 4 5 8 9 11 12 13 e
0 3 4 5 7 8 10 11 13 e
1 3 4 5 7 8 10 12 13 e
1 3 5 6 8 10 11 13 14 e
1 3 5 6 7 8 10 12 13 14 e
1 3 5 6 7 8 11 12 14 e
0 3 5 6 7 9 10 12 13 e
1 3 5 6 7 10 11 12 13 e
1 3 5 6 7 8 10 11 13 e
0 3 5 6 7 9 10 11 12 e
1 3 5 6 7 10 11 12 14 e
1 3 5 6 8 9 10 13 14 e
1 3 5 6 7 8 10 11 14 e
0 3 4 5 8 9 10 11 12 e
1 3 5 6 7 9 10 12 13 e
0 3 4 5 7 10 11 12 13 e
1 3 5 6 7 8 9 10 13 e
1 3 5 6 9 10 12 13 14 e
0 3 5 6 7 8 9 10 11 e
0 1 3 5 8 e
0 1 3 5 12 e
1 3 5 6 7 11 12 13 14 e
1 3 5 6 7 8 9 12 14 e
1 3 5 6 7 8 11 13 14 e
1 3 5 6 8 9 10 11 12 e
1 3 5 6 7 8 11 12 13 e
1 3 5 6 8 10 11 12 13 14 e
0 1 3 5 8 12 e
1 3 5 6 7 8 9 12 13 e
1 3 5 6 8 9 12 13 14 e
1 3 4 5 7 10 12 13 14 e
0 3 5 6 7 8 9 10 11 12 e
1 3 5 6 7 8 9 10 12 e
1 3 5 6 7 8 10 11 12 13 e
1 3 4 5 8 10 11 12 14 e
1 3 4 5 8 11 12 13 14 e
1 3 5 6 7 10 11 13 14 e
1 3 5 6 8 9 11 12 14 e
1 3 4 5 7 8 10 13 14 e
1 3 5 6 7 8 9 13 14 e
1 3 5 6 7 8 11 12 13 14 e
1 3 5 6 9 11 12 13 14 e
0 3 4 5 7 8 9 10 11 e
1 3 5 6 9 10 11 12 14 e
1 3 5 6 7 9 12 13 14 e
1 3 5 6 9 10 11 12 13 e
0 1 3 5 8 13 e
0 1 3 5 7 8 e
0 1 3 5 13 e
1 3 5 6 8 9 11 13 14 e
0 3 4 5 9 11 12 13 14 e
0 1 3 5 10 e
0 1 3 5 7 e
0 1 3 5 11 e
0 3 4 5 7 9 10 12 13 e
1 3 5 6 8 9 11 12 13 e
0 1 3 5 8 10 e
0 3 4 5 7 9 10 11 12 e
1 3 5 6 7 8 9 11 14 e
0 1 3 5 8 11 e
0 1 3 5 10 12 e
0 1 3 5 11 12 e
0 1 3 5 9 e
0 1 3 5 8 9 e
0 1 3 5 9 12 e
