100
3 9 11 e
0 3 9 e
3 11 14 e
0 3 14 e
0 9 12 e
9 11 12 e
1 3 9 e
0 3 4 e
3 8 11 e
0 3 7 e
0 3 8 e
0 3 10 e
9 11 13 e
3 10 11 e
0 12 14 e
11 12 14 e
0 9 13 e
1 3 14 e
1 3 4 e
0 3 5 e
1 3 7 e
1 3 10 e
1 9 12 e
0 4 12 e
0 3 9 11 e
0 7 12 e
11 13 14 e
0 6 9 e
1 3 8 e
1 3 5 e
0 8 12 e
0 13 14 e
0 10 12 e
0 9 11 e
6 9 11 e
2 3 9 11 e
0 3 6 e
8 11 12 e
1 3 9 11 e
10 11 12 e
3 5 9 11 e
0 3 5 9 e
0 1 3 9 e
2 3 9 e
0 2 3 9 e
1 12 14 e
0 5 9 e
1 9 13 e
0 5 12 e
3 9 10 11 e
1 4 12 e
0 7 13 e
0 4 13 e
0 3 11 14 e
0 3 4 9 e
0 3 9 10 e
0 3 4 11 e
0 6 14 e
3 4 9 11 e
8 11 13 e
1 7 12 e
0 8 13 e
3 6 9 e
0 10 13 e
0 11 14 e
1 10 12 e
3 7 9 11 e
0 6 7 e
0 3 7 9 e
2 3 11 14 e
1 5 12 e
3 5 7 11 e
3 9 11 12 e
0 3 7 11 e
0 4 6 e
0 3 9 12 e
0 9 11 12 e
0 5 7 e
0 3 5 7 e
1 3 11 14 e
3 6 9 11 e
10 11 13 e
0 3 10 11 e
1 3 4 11 e
3 8 9 11 e
0 3 6 9 e
0 2 3 14 e
2 3 4 11 e
0 1 3 14 e
3 9 11 13 e
0 3 8 9 e
0 3 7 10 e
1 9 11 e
3 5 11 14 e
1 3 7 11 e
0 1 3 4 e
5 9 11 12 e
0 3 5 14 e
0 3 9 13 e
2 3 10 11 e
