100
0 2 3 4 6 8 10 11 17 19 20 21 22 26 27 e
0 1 2 3 4 8 10 11 17 19 20 21 22 26 27 e
0 2 3 4 6 8 10 11 16 17 19 20 22 26 27 e
0 1 2 3 6 8 10 11 17 19 20 21 22 26 27 e
0 2 3 6 8 10 11 14 16 17 19 20 22 26 27 e
0 1 2 3 4 8 10 11 16 17 19 20 21 26 27 e
0 1 2 3 4 6 8 10 11 17 19 20 21 22 26 e
0 1 2 3 4 8 10 11 17 18 19 20 21 26 27 e
0 2 3 4 8 10 11 16 17 19 20 21 22 26 27 e
0 2 3 4 6 8 10 11 16 17 19 20 21 26 27 e
0 1 2 3 6 8 10 11 16 17 19 20 21 26 27 e
0 1 2 3 8 10 11 14 17 19 20 22 26 27 29 e
0 1 2 3 8 10 11 14 16 17 19 20 22 26 27 e
0 1 2 3 8 10 11 14 16 17 19 20 21 26 27 e
0 1 2 3 4 8 10 11 17 19 20 22 26 27 29 e
0 2 3 4 6 8 10 11 17 19 20 22 26 27 29 e
0 2 3 4 6 8 10 11 14 16 17 19 22 26 27 e
0 1 2 3 6 8 10 11 14 17 19 20 21 22 26 e
0 1 2 3 8 10 11 16 17 19 20 21 22 26 27 e
0 2 3 4 6 8 10 11 14 16 17 19 21 26 27 e
0 2 3 4 8 9 10 11 17 19 20 21 22 26 27 e
0 1 2 3 8 10 11 14 16 17 19 21 22 26 27 e
0 1 2 3 8 10 11 16 17 18 19 20 21 26 27 e
0 2 3 4 6 8 10 11 16 17 19 21 22 26 27 e
0 3 4 8 9 10 11 17 18 19 20 21 22 26 27 e
0 1 2 3 4 6 8 10 11 14 17 19 21 22 26 e
0 2 3 6 8 10 11 16 17 18 19 20 21 26 27 e
0 1 3 4 8 10 11 16 17 18 19 20 22 26 27 e
0 1 2 3 6 8 10 11 14 16 17 19 20 22 27 e
0 2 3 4 6 8 10 11 17 18 19 20 22 26 27 e
0 1 2 3 6 8 10 11 14 16 17 19 21 26 27 e
0 2 3 4 8 10 11 14 16 17 19 21 22 26 27 e
0 1 2 3 4 8 10 11 16 17 18 19 20 26 27 e
0 1 2 3 6 8 10 11 17 19 20 22 26 27 29 e
0 1 2 3 8 10 11 14 16 17 18 19 20 26 27 e
0 1 2 3 4 8 10 11 16 17 19 21 22 26 27 e
0 1 2 3 4 8 10 11 14 16 17 19 22 26 27 e
0 1 3 8 10 11 14 16 17 18 19 20 22 26 27 e
0 2 3 4 8 9 10 11 16 17 19 21 22 26 27 e
0 1 3 4 8 10 11 12 17 19 20 22 26 27 29 e
0 1 2 3 4 6 8 10 11 17 19 21 22 26 27 e
0 2 3 4 8 9 10 11 17 18 19 20 21 26 27 e
0 1 2 3 4 6 8 10 11 17 19 20 21 26 27 e
0 1 3 4 8 10 11 17 18 19 20 22 26 27 29 e
0 1 2 3 8 10 11 14 17 18 19 20 22 26 27 e
0 2 3 4 8 10 11 14 16 17 19 20 21 26 27 e
0 1 2 3 6 8 10 11 14 16 17 19 20 21 26 e
0 1 3 4 8 10 11 14 16 17 18 19 21 26 27 e
0 2 3 4 8 9 10 11 17 19 21 22 23 26 27 e
0 2 3 6 8 10 11 14 16 19 20 22 26 27 29 e
0 1 2 3 4 6 8 10 11 16 17 19 21 26 27 e
0 1 2 3 4 8 11 16 17 18 19 20 21 26 27 e
0 3 4 8 9 10 11 17 19 20 21 22 26 27 29 e
0 1 2 3 4 6 8 10 11 16 17 19 20 22 26 e
0 2 3 4 6 8 9 10 11 17 19 21 22 26 27 e
0 2 3 4 6 8 10 11 16 19 20 22 26 27 29 e
0 1 2 3 4 8 10 17 19 20 21 22 26 27 29 e
0 2 3 4 8 10 11 16 17 19 20 22 26 27 29 e
0 1 2 3 8 11 14 16 17 18 19 20 21 26 27 e
0 2 3 4 6 8 10 11 14 17 19 20 21 22 26 e
0 2 3 4 8 9 10 11 16 17 18 19 21 26 27 e
0 1 2 3 4 8 10 12 17 19 20 22 26 27 29 e
0 2 3 5 6 8 10 11 14 16 17 19 22 26 27 e
0 1 2 3 4 6 8 10 11 17 19 20 22 26 29 e
0 1 2 3 6 8 10 11 14 16 17 19 20 22 26 e
0 1 2 3 4 8 10 11 17 18 19 20 22 26 27 e
0 1 2 3 6 8 10 11 14 17 19 20 22 26 29 e
0 2 3 6 8 11 14 16 17 18 19 20 21 26 27 e
0 3 4 8 10 11 14 16 17 18 19 20 21 26 27 e
0 1 2 3 6 8 10 11 17 18 19 20 22 26 27 e
0 2 3 6 8 10 11 16 17 19 20 21 22 26 27 e
0 1 2 3 8 10 12 14 17 19 20 22 26 27 29 e
0 2 3 4 6 8 10 11 12 19 20 22 26 27 29 e
0 1 3 4 8 10 11 14 16 17 18 19 22 26 27 e
0 2 3 4 8 11 14 16 17 18 19 20 21 26 27 e
0 1 2 3 5 6 8 10 11 14 17 19 21 22 26 e
0 2 3 4 6 8 10 11 14 16 17 18 19 26 27 e
0 2 3 4 6 8 10 11 14 16 17 19 20 26 27 e
0 2 3 4 8 9 10 17 19 20 21 22 26 27 29 e
0 2 3 6 8 10 11 12 16 19 20 22 26 27 29 e
0 1 2 3 4 6 8 10 16 17 19 21 22 26 27 e
0 2 3 4 6 8 11 16 17 18 19 20 21 26 27 e
0 1 2 3 4 6 8 10 11 14 17 19 22 26 29 e
0 1 2 3 5 8 10 11 14 17 19 20 22 27 29 e
0 2 3 4 8 10 11 14 17 18 19 20 21 22 26 e
0 2 3 4 6 8 9 10 11 17 19 21 22 23 26 e
0 3 4 8 9 10 17 19 20 21 22 23 26 27 29 e
0 1 2 3 5 6 8 10 11 14 16 17 19 22 27 e
0 1 2 3 6 8 11 14 16 17 19 20 21 26 27 e
0 1 2 3 8 10 11 12 14 16 19 22 26 27 29 e
0 2 3 4 6 8 10 11 12 16 19 22 26 27 29 e
0 2 3 6 8 10 11 12 14 16 19 22 26 27 29 e
0 1 2 4 5 6 8 10 11 14 17 19 21 22 26 e
0 1 2 3 5 6 8 10 11 14 17 19 22 26 29 e
0 1 3 4 8 10 11 17 18 19 20 21 22 26 27 e
0 1 2 3 6 8 10 11 16 17 19 20 22 26 27 e
0 2 3 4 8 10 11 16 17 18 19 20 21 26 27 e
0 2 3 4 6 8 10 11 17 18 19 20 21 26 27 e
0 1 3 4 8 10 11 16 17 19 20 21 22 26 27 e
0 1 2 3 4 8 10 11 14 16 17 19 21 26 27 e
