100
0 1 2 3 4 5 7 8 9 10 11 12 13 14 15 17 18 20 21 22 23 24 e
0 1 2 3 4 5 7 8 9 10 11 12 13 14 15 16 17 18 19 20 21 22 23 24 e
0 1 2 3 4 5 7 8 9 10 11 12 13 14 15 17 18 19 20 21 22 23 24 e
0 1 2 3 4 5 7 8 9 10 11 12 13 14 15 16 17 18 19 20 21 22 24 e
0 1 2 3 4 5 7 8 9 10 11 12 13 14 15 17 19 20 21 22 24 e
0 1 2 3 4 5 6 7 8 9 10 11 12 13 14 15 16 17 18 19 20 21 22 23 24 e
0 1 2 3 4 5 7 8 9 10 11 12 13 14 15 16 17 18 20 21 22 23 24 e
0 1 2 3 4 7 8 9 10 11 12 13 14 15 17 18 19 20 21 22 24 e
0 1 2 3 4 7 8 9 10 11 12 13 14 15 17 19 20 21 22 24 e
0 1 2 3 4 7 8 9 10 11 12 13 14 15 17 18 20 21 22 24 e
0 1 2 3 4 7 8 9 10 11 12 13 14 15 17 20 21 22 24 e
0 1 2 3 4 5 7 8 9 10 11 12 13 14 15 17 20 21 22 24 e
0 1 2 3 4 5 7 8 9 10 11 12 13 15 16 17 20 22 23 e
0 1 2 3 4 5 7 8 9 10 11 12 13 15 16 17 18 20 22 23 e
0 1 2 3 4 5 7 8 9 10 11 12 13 14 15 17 20 21 22 23 24 e
0 1 2 3 4 7 8 9 10 11 12 13 15 17 18 20 22 e
0 1 2 3 4 5 7 8 9 10 11 12 13 15 16 17 18 20 22 e
0 1 2 3 4 5 7 8 9 10 11 12 13 15 17 20 22 24 e
0 1 2 3 4 5 7 8 9 10 11 12 13 14 15 17 18 20 21 22 24 e
0 1 2 3 4 5 7 8 9 10 11 12 13 15 16 17 20 21 22 23 24 e
0 1 2 3 4 5 7 8 9 10 11 12 13 15 17 18 20 21 22 23 24 e
0 1 2 3 4 5 7 8 9 10 11 12 13 14 15 16 17 20 21 22 23 24 e
0 1 2 3 4 5 7 8 9 10 11 12 13 15 16 17 20 22 24 e
0 1 2 3 4 5 7 8 9 10 11 12 13 14 15 16 17 19 20 21 22 24 e
0 1 2 3 4 5 7 8 9 10 11 12 13 15 17 18 20 22 23 24 e
0 1 2 3 4 7 8 9 10 11 12 13 15 16 17 18 20 22 e
0 1 2 3 4 5 7 8 9 10 11 12 13 14 15 17 18 19 20 21 22 24 e
0 1 2 3 4 5 7 8 9 10 11 12 13 15 16 17 20 22 e
0 1 2 3 4 7 8 9 10 11 12 13 15 17 20 22 24 e
0 1 2 3 4 7 8 9 10 11 12 13 15 16 17 20 22 e
0 1 2 3 4 5 7 8 9 10 11 12 13 15 17 18 20 22 23 e
0 1 2 3 4 5 7 8 9 10 11 12 13 15 17 20 22 23 e
0 1 2 3 4 5 7 8 9 10 11 12 13 15 17 20 22 e
0 1 2 3 4 5 7 8 9 10 11 12 13 15 17 20 21 22 24 e
0 1 2 3 4 5 7 8 9 10 11 12 13 14 15 17 19 20 21 22 23 24 e
0 1 2 3 4 5 7 8 9 10 11 12 13 15 17 18 20 22 e
1 2 3 4 5 7 8 9 10 11 12 13 14 15 17 18 20 21 22 24 e
1 2 3 4 5 7 8 9 10 11 12 13 14 15 17 18 19 20 21 22 23 24 e
0 1 2 3 4 5 7 8 9 10 11 12 13 14 15 16 17 19 20 21 22 23 24 e
0 1 2 3 4 5 7 8 9 10 11 12 13 15 16 17 20 22 23 24 e
0 1 2 3 4 5 7 8 9 10 11 12 13 15 17 18 20 21 22 24 e
0 1 2 3 4 5 7 8 9 10 11 12 13 15 16 17 18 20 22 24 e
0 1 2 3 4 7 8 9 10 11 12 13 15 17 18 20 22 24 e
0 1 2 3 4 7 8 9 10 12 13 14 15 17 18 19 20 21 22 24 e
0 1 2 3 4 5 7 8 9 10 11 12 13 15 17 20 21 22 23 24 e
1 2 3 4 5 7 8 9 10 11 12 13 14 15 17 19 20 21 22 23 24 e
0 1 3 4 5 7 8 9 10 11 12 13 15 16 17 18 20 22 e
0 1 3 4 5 7 8 9 10 11 12 13 15 17 18 20 22 23 e
0 1 2 3 4 7 8 9 10 11 12 13 15 17 20 22 e
0 1 3 4 5 7 8 9 10 11 12 13 15 16 17 18 20 22 23 e
0 1 2 3 4 5 7 8 9 10 12 13 14 15 17 18 19 20 21 22 23 24 e
1 2 3 4 5 7 8 9 10 11 12 13 14 15 17 19 20 21 22 24 e
0 1 3 4 5 7 8 9 10 11 12 13 15 16 17 20 22 23 e
0 1 2 3 4 5 7 8 9 10 12 13 15 17 18 20 22 e
0 1 2 3 4 5 7 8 9 10 11 12 13 15 16 17 18 20 22 23 24 e
0 1 2 3 4 5 7 8 9 10 11 12 13 15 17 18 20 22 24 e
1 2 3 4 5 7 8 9 10 11 12 13 14 15 17 18 19 20 21 22 24 e
0 1 2 3 4 5 7 8 9 10 11 12 13 15 17 20 22 23 24 e
1 2 3 4 5 7 8 9 10 11 12 13 14 15 17 18 20 21 22 23 24 e
0 1 2 3 4 5 7 8 9 10 12 13 14 15 17 18 19 20 21 22 24 e
0 1 3 4 5 7 8 9 10 11 12 13 15 17 20 22 23 e
0 1 2 3 4 5 7 8 9 10 12 13 15 17 18 20 22 23 e
0 1 2 3 4 5 7 8 9 10 12 13 14 15 17 18 20 21 22 24 e
0 1 3 4 5 7 8 9 10 11 12 13 15 17 18 20 22 e
1 2 3 4 5 7 8 9 10 11 12 13 14 15 17 20 21 22 24 e
0 1 2 3 4 5 7 8 9 10 12 13 15 17 18 20 22 24 e
0 1 3 4 5 7 8 9 10 11 12 13 15 17 20 22 e
1 2 3 4 7 8 9 10 11 12 13 14 15 17 19 20 21 22 24 e
0 1 3 4 5 7 8 9 10 11 12 13 15 16 17 20 22 e
0 1 2 3 4 7 8 10 12 13 14 15 18 19 20 21 22 24 e
0 1 3 4 7 8 9 10 11 12 13 15 17 20 22 e
1 2 3 4 5 7 8 9 10 11 12 13 14 15 17 20 21 22 23 24 e
0 1 3 4 7 8 9 10 11 12 13 15 17 18 20 22 e
0 1 2 3 4 5 7 8 9 10 12 13 15 17 18 20 22 23 24 e
0 1 2 3 4 5 7 8 9 10 12 13 15 17 18 20 21 22 24 e
0 1 2 3 4 7 8 9 10 12 13 15 17 18 20 22 e
1 3 4 5 7 8 9 10 11 12 13 15 17 18 20 22 23 e
1 2 3 4 5 7 8 9 10 11 12 13 15 17 18 20 22 e
1 2 3 4 5 7 8 9 10 11 12 13 15 17 18 20 22 23 e
1 2 3 4 5 7 8 9 10 11 12 13 15 17 20 22 24 e
1 2 3 4 5 7 8 9 10 11 12 13 15 17 18 20 22 24 e
1 2 3 4 5 7 8 9 10 11 12 13 15 17 18 20 22 23 24 e
0 1 2 3 4 7 8 10 12 13 15 17 18 20 22 e
1 2 3 4 5 7 8 9 10 11 12 13 15 16 17 18 20 22 23 e
0 1 3 4 5 7 8 9 10 12 13 15 17 18 20 22 23 e
0 1 2 3 4 7 8 10 12 13 15 18 20 22 e
1 2 3 4 5 7 8 9 10 11 12 13 15 17 20 22 e
1 3 4 5 7 8 9 10 11 12 13 15 17 18 20 22 e
1 2 3 4 5 7 8 9 10 11 12 13 15 16 17 18 20 22 e
1 2 3 4 5 7 8 9 10 11 12 13 15 16 17 20 22 23 e
0 1 3 4 5 7 8 9 10 12 13 15 17 18 20 22 e
1 2 3 4 5 7 8 9 10 11 12 13 15 17 20 22 23 24 e
1 2 3 4 5 7 8 9 10 11 12 13 15 16 17 20 22 e
1 3 4 5 7 8 9 10 11 12 13 15 17 20 22 e
1 3 4 5 7 8 9 10 11 12 13 15 17 20 22 23 e
1 2 3 4 5 7 8 9 10 12 13 15 17 18 20 22 e
0 1 3 4 7 8 10 12 13 15 18 20 22 e
1 2 3 4 5 7 8 9 10 12 13 15 17 18 20 22 23 e
1 2 3 4 5 7 8 9 10 11 12 13 15 17 20 22 23 e
1 2 3 4 5 7 8 9 10 12 13 15 17 18 20 22 24 e
