100
1 3 4 5 6 8 11 16 22 e
1 3 4 5 6 8 11 16 21 e
1 3 4 5 6 8 12 16 22 e
1 3 4 5 6 8 11 14 16 e
1 3 4 5 6 8 11 16 21 22 e
1 3 4 5 6 8 14 16 22 e
1 3 4 5 6 8 11 12 16 22 e
1 3 4 5 8 9 11 21 24 e
1 3 4 5 6 8 11 14 21 e
1 3 4 5 8 9 11 14 21 e
1 3 4 5 6 9 11 16 24 e
1 3 4 5 6 9 11 16 21 e
1 3 4 5 6 9 11 16 22 e
1 3 4 5 6 9 11 21 24 e
1 3 4 5 6 8 11 14 16 22 e
1 3 4 5 6 8 11 12 16 21 22 e
1 3 5 6 8 9 11 16 21 e
1 3 4 5 6 8 11 14 16 21 e
1 3 4 5 6 8 10 11 14 e
1 3 4 5 6 8 9 e
1 3 4 5 6 9 16 22 24 e
1 3 4 5 6 8 12 14 16 22 e
1 3 4 5 8 9 11 14 24 e
1 3 4 5 6 8 10 14 16 e
1 3 4 5 6 8 11 12 14 16 22 e
1 3 4 5 8 9 10 11 14 e
1 3 4 5 6 8 10 14 16 22 e
1 3 4 5 6 8 10 11 14 16 e
1 3 4 5 6 9 12 16 22 e
1 3 4 5 6 9 11 12 16 22 e
1 3 4 5 6 9 11 16 21 22 e
1 3 5 6 8 9 11 16 22 e
1 3 4 5 6 9 11 17 24 e
0 1 4 5 6 8 11 16 21 e
1 3 4 5 6 9 11 16 22 24 e
1 3 4 5 6 9 11 16 21 24 e
0 1 3 4 5 11 22 e
1 3 5 6 8 9 12 16 22 e
1 3 4 5 6 8 9 16 e
1 3 4 5 6 8 11 14 16 21 22 e
1 3 4 5 6 8 9 11 e
0 3 4 5 6 9 11 16 21 e
0 3 4 5 6 9 11 21 22 e
1 3 4 5 6 8 10 11 14 21 e
1 3 4 5 6 9 16 17 24 e
0 1 3 4 5 11 21 22 e
0 1 4 5 6 8 16 18 19 e
0 1 3 5 6 21 22 e
1 3 4 5 6 9 11 17 21 24 e
1 3 4 5 6 9 12 16 22 24 e
1 3 4 5 6 8 10 11 14 16 21 e
0 1 4 5 6 8 16 18 20 e
0 1 4 5 6 8 18 19 22 e
1 3 4 5 6 8 9 24 e
0 1 4 5 6 8 16 18 22 e
1 3 4 5 6 8 9 11 16 e
1 3 4 5 6 8 9 14 e
0 1 4 5 6 8 10 16 18 e
0 1 4 5 6 8 19 21 22 e
0 1 4 5 6 8 11 14 16 e
0 1 4 5 6 8 18 21 22 e
0 1 3 5 6 12 16 e
0 3 4 5 6 9 11 16 24 e
0 1 3 4 9 11 22 e
1 3 4 5 6 9 11 16 17 24 e
0 1 4 5 6 8 10 18 22 e
0 1 4 5 6 8 11 16 22 e
0 1 4 5 6 8 16 21 22 e
0 1 4 5 6 8 12 16 18 e
0 1 4 5 6 8 18 20 22 e
0 1 4 5 6 8 11 14 21 e
0 1 4 5 6 8 10 21 22 e
0 1 4 5 6 8 12 16 22 e
0 1 4 5 6 8 18 19 20 e
0 1 4 5 6 8 11 16 21 22 e
0 1 4 5 6 8 10 19 22 e
0 1 4 5 6 8 15 21 22 e
0 1 4 5 6 8 16 19 22 e
0 1 4 5 6 8 10 12 16 e
1 3 4 5 6 8 9 11 24 e
0 1 4 5 6 8 10 18 20 e
0 1 4 5 6 8 10 18 19 e
0 1 4 5 6 8 15 16 18 e
0 1 4 5 6 8 15 18 22 e
0 1 4 5 6 8 11 12 16 22 e
0 1 4 5 6 8 10 16 22 e
0 1 4 5 6 8 18 19 21 22 e
0 1 4 5 6 8 16 18 21 22 e
0 1 4 5 6 8 10 16 19 e
0 3 4 5 6 9 11 17 24 e
0 1 4 5 6 8 15 18 20 e
0 1 4 5 6 8 18 19 20 22 e
0 1 4 5 6 8 12 16 18 22 e
0 1 4 5 6 8 10 11 14 e
0 1 4 5 6 8 10 15 22 e
0 1 4 5 6 8 10 15 16 e
0 1 3 4 5 6 e
0 1 4 5 6 8 10 16 18 19 e
0 1 4 5 6 8 10 15 18 e
0 1 4 5 6 8 15 18 21 22 e
