100
0 2 3 6 10 11 13 14 e
0 2 3 6 8 10 11 14 e
0 1 2 3 8 10 11 14 e
0 1 2 6 8 10 11 14 e
0 1 2 6 10 11 13 14 e
0 2 3 4 8 10 11 14 e
0 2 3 8 10 11 13 14 e
0 1 2 4 8 10 11 14 e
0 1 2 9 10 11 13 14 e
0 2 3 6 9 10 11 14 e
0 1 2 3 10 11 13 14 e
0 2 3 4 10 11 13 14 e
0 1 2 4 10 11 13 14 e
0 1 2 3 6 10 11 14 e
0 1 3 4 8 10 11 14 e
0 3 4 6 8 10 11 14 e
0 1 2 6 9 10 11 14 e
0 1 2 8 10 11 13 14 e
0 1 2 8 9 10 11 14 e
0 1 3 6 10 11 13 14 e
0 2 4 8 9 10 11 14 e
0 2 3 6 9 10 13 14 e
0 2 3 9 10 11 13 14 e
0 1 3 6 8 10 11 14 e
0 2 4 9 10 11 13 14 e
0 2 4 6 9 10 11 14 e
0 3 4 8 10 11 13 14 e
0 2 6 9 10 11 13 14 e
0 2 3 6 8 9 10 14 e
0 2 6 8 9 10 11 14 e
0 1 2 3 8 9 10 14 e
0 2 4 8 10 11 13 14 e
0 1 4 6 9 10 11 14 e
0 1 3 4 10 11 13 14 e
0 2 4 6 8 10 11 14 e
0 1 4 6 10 11 13 14 e
0 2 4 8 9 10 13 14 e
0 2 3 8 9 10 11 14 e
0 2 3 8 9 10 13 14 e
0 3 4 6 9 10 11 14 e
0 1 2 6 8 9 10 14 e
0 1 4 9 10 11 13 14 e
0 1 4 6 8 10 11 14 e
0 2 3 4 9 10 11 14 e
0 2 8 9 10 11 13 14 e
0 1 4 8 9 10 11 14 e
0 1 2 3 9 10 11 14 e
0 1 2 3 8 10 13 14 e
0 1 2 4 9 10 11 14 e
0 1 2 4 9 10 13 14 e
0 2 3 4 8 9 10 14 e
0 1 2 4 6 10 11 14 e
0 1 2 4 8 9 10 14 e
0 3 4 9 10 11 13 14 e
0 1 3 6 9 10 11 14 e
0 1 2 4 8 10 13 14 e
0 2 3 4 8 10 13 14 e
0 1 2 3 9 10 13 14 e
0 1 6 9 10 11 13 14 e
2 3 6 8 10 11 13 14 e
0 1 2 6 8 10 13 14 e
0 3 6 8 10 11 13 14 e
0 3 4 6 8 9 10 14 e
0 1 2 3 8 10 11 13 e
0 1 2 3 6 9 10 14 e
0 2 3 5 8 10 11 14 e
0 2 3 8 9 10 11 13 e
0 1 6 8 9 10 11 14 e
0 1 3 4 8 9 10 14 e
0 2 3 4 9 10 13 14 e
0 2 3 8 10 11 12 14 e
0 2 3 5 10 11 13 14 e
0 4 6 8 9 10 11 14 e
0 2 4 8 9 10 11 13 e
0 1 2 8 9 10 11 13 e
0 3 4 8 9 10 11 14 e
0 3 6 9 10 11 13 14 e
0 1 3 6 8 9 10 14 e
0 1 2 5 8 10 11 14 e
0 2 6 8 10 11 13 14 e
0 1 3 4 9 10 13 14 e
1 2 6 8 10 11 13 14 e
0 1 6 8 10 11 13 14 e
0 1 2 5 9 10 11 14 e
2 3 4 8 10 11 13 14 e
0 1 3 4 9 10 11 14 e
3 4 6 8 10 11 13 14 e
0 1 2 4 6 9 10 14 e
0 1 2 8 10 11 12 14 e
0 1 4 8 9 10 11 13 e
0 1 2 4 8 10 11 13 e
0 1 2 9 10 11 12 14 e
0 1 2 3 8 9 10 11 e
1 3 6 8 10 11 13 14 e
0 2 3 5 9 10 11 14 e
1 2 4 8 10 11 13 14 e
2 4 6 8 9 10 11 14 e
1 2 3 8 10 11 13 14 e
0 3 4 8 9 10 11 13 e
2 3 6 8 9 10 11 14 e
