100
3 5 6 7 8 10 12 13 14 e
3 5 6 7 8 9 10 12 13 14 e
3 5 6 7 8 9 10 11 12 13 14 e
0 3 5 6 7 8 9 10 12 13 14 e
1 3 5 6 7 8 9 10 11 12 13 14 e
1 3 4 5 6 7 8 10 11 12 13 14 e
0 1 2 3 4 5 6 7 8 9 10 11 12 13 14 e
0 1 3 5 6 7 8 9 10 11 12 13 14 e
0 1 3 4 5 6 7 8 9 10 12 13 14 e
0 1 2 3 5 6 7 8 9 10 11 12 13 14 e
1 3 5 6 7 8 10 12 13 14 e
1 3 5 7 8 10 11 12 13 14 e
0 1 2 3 4 5 6 7 8 9 10 12 13 14 e
0 1 3 5 7 8 10 12 13 14 e
1 3 5 6 7 8 9 10 12 13 14 e
3 5 6 7 8 10 11 12 13 14 e
0 1 3 5 6 7 8 10 12 13 14 e
0 1 3 5 7 8 9 10 12 13 14 e
3 4 5 6 7 8 10 12 13 14 e
3 5 7 8 9 10 12 13 14 e
0 3 5 6 7 8 9 10 11 12 13 14 e
0 3 5 6 7 8 10 11 12 13 14 e
1 3 4 5 6 7 8 9 10 12 13 14 e
3 5 7 8 9 10 11 12 13 14 e
0 3 5 7 8 9 10 12 13 14 e
0 3 4 5 6 7 8 10 12 13 14 e
3 5 7 8 10 12 13 14 e
0 3 5 6 7 8 10 12 13 14 e
1 2 3 5 6 7 8 9 10 11 12 13 14 e
0 1 3 5 6 7 8 9 10 12 13 14 e
1 2 3 4 5 6 7 8 10 11 12 13 14 e
0 1 3 5 7 8 10 11 12 13 14 e
1 3 5 7 8 10 12 13 14 e
1 2 3 4 5 6 7 8 10 12 13 14 e
1 3 5 6 7 8 10 11 12 13 14 e
0 1 3 4 5 6 7 8 9 10 11 12 13 14 e
1 3 4 5 6 7 8 10 12 13 14 e
0 1 3 4 5 6 7 8 10 11 12 13 14 e
1 3 5 7 8 9 10 12 13 14 e
0 1 2 3 4 5 6 7 8 10 12 13 14 e
0 1 3 5 6 7 8 10 11 12 13 14 e
0 1 3 4 5 6 7 8 10 12 13 14 e
1 3 5 7 8 9 10 11 12 13 14 e
3 5 7 8 10 11 12 13 14 e
0 1 2 3 4 5 6 7 8 10 11 12 13 14 e
1 3 4 5 6 7 8 9 10 11 12 13 14 e
1 2 3 4 5 6 7 8 9 10 12 13 14 e
0 1 3 5 7 8 9 10 11 12 13 14 e
0 3 5 7 8 10 12 13 14 e
1 2 3 4 5 6 7 8 9 10 11 12 13 14 e
0 3 5 7 8 10 11 12 13 14 e
1 3 4 5 7 8 10 12 13 14 e
0 1 2 3 5 7 8 9 10 11 12 13 14 e
0 3 5 7 8 9 10 11 12 13 14 e
1 3 4 5 7 8 10 11 12 13 14 e
1 3 4 5 7 8 9 10 12 13 14 e
0 1 3 4 5 7 8 10 12 13 14 e
1 2 3 4 5 7 8 10 12 13 14 e
1 3 4 5 7 8 9 10 11 12 13 14 e
0 1 3 4 5 7 8 10 11 12 13 14 e
0 1 3 4 5 7 8 9 10 12 13 14 e
1 2 3 5 7 8 9 10 11 12 13 14 e
1 2 3 4 5 7 8 9 10 12 13 14 e
1 2 3 4 5 7 8 10 11 12 13 14 e
0 1 2 3 4 5 7 8 10 12 13 14 e
0 1 3 4 5 7 8 9 10 11 12 13 14 e
1 2 3 4 5 7 8 9 10 11 12 13 14 e
0 1 2 3 4 5 7 8 10 11 12 13 14 e
0 1 2 3 4 5 7 8 9 10 12 13 14 e
0 1 2 3 4 5 7 8 9 10 11 12 13 14 e
5 7 8 10 12 13 14 e
3 5 7 8 9 10 12 13 e
1 3 5 7 8 10 12 13 e
0 3 5 7 8 10 12 13 e
1 3 5 7 8 9 10 12 13 e
0 3 5 7 8 10 11 12 13 e
0 3 5 7 8 9 10 12 13 e
0 1 3 5 7 8 10 12 13 e
0 1 3 5 7 8 10 11 12 13 e
0 1 3 5 7 8 9 10 12 13 e
1 5 7 8 10 11 12 13 14 e
5 7 8 10 11 12 13 14 e
5 7 8 9 10 12 13 14 e
1 5 7 8 10 12 13 14 e
0 5 7 8 10 12 13 14 e
5 7 8 9 10 11 12 13 14 e
1 5 7 8 9 10 12 13 14 e
0 5 7 8 10 11 12 13 14 e
0 5 7 8 9 10 12 13 14 e
0 1 5 7 8 10 12 13 14 e
3 5 7 8 9 10 11 12 13 e
1 3 5 7 8 9 10 11 12 13 e
3 5 7 8 12 13 14 e
3 5 7 8 10 11 12 13 e
3 5 7 8 10 12 13 e
1 3 5 7 8 10 11 12 13 e
3 5 7 8 9 12 13 14 e
3 5 7 8 11 12 13 14 e
1 3 5 7 8 12 13 14 e
0 3 5 7 8 9 10 11 12 13 e
