100
0 6 13 23 25 e
0 6 23 24 25 e
0 2 6 23 25 e
0 6 12 23 25 e
0 12 13 23 25 e
0 6 12 13 25 e
0 6 13 23 27 e
0 3 12 23 25 e
0 3 12 13 25 e
0 3 23 25 27 e
0 6 23 25 27 e
6 12 13 23 25 e
0 12 18 23 25 e
0 2 6 13 23 e
0 2 6 23 27 e
0 3 6 23 27 e
6 13 17 23 27 e
6 13 23 25 27 e
0 18 23 25 27 e
0 6 12 13 23 e
0 2 23 25 27 e
6 12 13 17 23 e
0 12 13 18 25 e
2 6 17 25 27 e
0 3 6 12 23 e
6 9 12 23 25 e
0 9 12 23 25 e
0 13 23 25 27 e
6 23 24 25 27 e
0 3 6 12 13 e
0 12 23 25 27 e
0 6 13 23 24 e
6 12 23 25 27 e
6 13 17 25 27 e
2 6 23 25 27 e
0 6 23 24 27 e
0 23 25 27 28 e
6 12 13 17 25 e
0 6 22 23 27 e
6 13 23 24 25 e
0 6 12 23 27 e
0 2 6 25 27 e
6 17 23 24 27 e
0 9 13 23 25 e
0 2 6 13 27 e
0 22 23 25 27 e
6 12 17 25 27 e
0 12 14 23 25 e
0 23 24 25 27 e
0 12 23 25 28 e
0 6 13 17 23 e
0 12 13 14 25 e
2 6 13 25 27 e
0 6 9 23 27 e
0 12 13 25 28 e
0 13 18 23 27 e
0 2 13 25 27 e
0 9 23 24 25 e
0 6 18 23 27 e
0 6 12 25 27 e
0 12 22 23 25 e
6 9 23 25 27 e
0 6 13 25 27 e
0 9 23 25 27 e
0 3 13 25 27 e
6 12 23 24 25 e
0 3 13 23 27 e
0 2 3 25 27 e
0 2 12 23 25 e
0 6 11 23 27 e
6 12 18 25 27 e
0 9 12 13 25 e
0 6 12 13 27 e
0 12 13 25 27 e
0 6 12 14 23 e
6 12 13 25 27 e
0 3 6 13 27 e
0 6 23 27 28 e
3 6 12 25 27 e
0 3 12 25 27 e
6 13 23 27 28 e
6 11 23 25 27 e
0 6 12 13 14 e
12 18 23 25 27 e
0 2 6 12 25 e
6 11 17 23 27 e
2 6 23 24 25 e
2 6 12 17 25 e
0 3 12 23 27 e
0 13 23 27 28 e
0 6 12 23 28 e
0 6 12 13 28 e
0 12 18 25 27 e
0 13 25 27 28 e
0 6 12 17 23 e
0 3 12 13 23 e
0 6 12 13 17 e
6 12 13 23 28 e
0 12 13 23 27 e
0 3 6 12 27 e
