100
0 2 3 4 7 9 10 12 e
0 1 2 3 7 9 10 12 e
0 2 3 7 9 10 12 14 e
0 1 2 4 7 9 10 12 e
0 1 2 3 4 7 9 12 e
0 2 3 7 9 10 12 13 e
0 2 4 7 9 10 12 13 e
0 2 4 7 9 10 12 14 e
0 1 2 3 4 7 10 12 e
0 1 3 4 7 9 10 12 e
0 2 3 4 7 9 12 14 e
0 1 2 7 9 10 12 13 e
0 1 2 3 4 9 10 12 e
0 2 3 4 7 10 12 14 e
0 2 7 9 10 12 13 14 e
0 3 4 7 9 10 12 14 e
0 2 3 4 7 9 12 13 e
0 2 3 4 9 10 12 14 e
0 2 3 4 7 10 12 13 e
0 2 3 5 7 9 10 12 e
0 2 3 6 7 9 10 12 e
0 1 2 4 7 9 12 13 e
0 1 2 3 7 9 12 14 e
0 2 3 4 5 7 9 12 e
0 2 4 6 7 9 10 12 e
0 1 2 3 7 9 12 13 e
0 3 4 7 9 10 12 13 e
0 1 2 7 9 10 12 14 e
2 3 4 7 9 10 12 14 e
0 1 2 3 7 10 12 13 e
0 2 3 4 9 10 12 13 e
1 2 3 4 7 9 10 12 e
0 1 3 7 9 10 12 14 e
0 2 3 7 9 10 11 12 e
0 1 2 3 7 10 12 14 e
0 2 3 7 10 12 13 14 e
1 2 3 7 9 10 12 14 e
0 1 2 3 9 10 12 14 e
0 1 2 3 4 7 9 10 e
0 1 4 7 9 10 12 13 e
0 2 4 7 9 12 13 14 e
0 2 3 7 8 9 10 12 e
0 1 2 3 5 7 9 12 e
0 3 4 5 7 9 10 12 e
0 1 3 7 9 10 12 13 e
0 1 2 4 9 10 12 13 e
0 1 2 6 7 9 10 12 e
0 1 2 4 7 10 12 13 e
0 4 7 9 10 12 13 14 e
0 1 2 3 9 10 12 13 e
0 2 3 4 7 8 9 12 e
0 2 3 4 7 9 10 14 e
0 2 3 4 7 9 10 13 e
0 2 3 5 7 9 12 14 e
0 2 6 7 9 10 12 14 e
0 2 3 7 9 12 13 14 e
0 2 4 9 10 12 13 14 e
0 1 2 4 7 9 12 14 e
0 1 2 3 5 9 10 12 e
0 2 4 7 10 12 13 14 e
2 3 4 7 9 10 12 13 e
0 2 3 4 6 7 10 12 e
0 2 3 4 5 9 10 12 e
1 2 3 7 9 10 12 13 e
1 2 4 7 9 10 12 13 e
0 2 3 9 10 12 13 14 e
0 1 2 3 7 8 9 12 e
0 3 7 9 10 12 13 14 e
0 1 3 5 7 9 10 12 e
0 2 3 4 6 7 9 12 e
0 3 5 7 9 10 12 14 e
0 1 2 3 4 7 12 13 e
0 1 2 4 7 10 12 14 e
0 3 4 6 7 9 10 12 e
0 1 2 3 7 9 10 13 e
0 3 4 7 8 9 10 12 e
0 2 3 4 7 9 11 12 e
2 3 7 9 10 12 13 14 e
1 2 3 4 7 9 12 14 e
0 2 3 7 8 9 12 14 e
0 1 2 3 6 7 9 12 e
0 1 2 3 6 7 10 12 e
0 2 3 5 9 10 12 14 e
0 2 6 7 9 10 12 13 e
0 2 3 7 9 10 13 14 e
0 2 3 4 8 9 10 12 e
0 2 3 4 7 10 11 12 e
0 1 2 7 9 12 13 14 e
0 1 2 4 6 7 9 12 e
0 1 4 6 7 9 10 12 e
0 1 3 7 8 9 10 12 e
0 2 4 6 7 9 12 14 e
0 2 3 6 7 10 12 14 e
1 2 3 4 7 10 12 14 e
0 3 7 8 9 10 12 14 e
1 3 4 7 9 10 12 14 e
1 2 3 4 7 10 12 13 e
0 2 3 8 9 10 12 14 e
2 3 4 7 10 12 13 14 e
0 2 4 6 7 10 12 13 e
