100
2 3 4 5 6 11 e
2 3 4 5 6 11 12 e
0 3 4 5 7 11 12 13 14 e
2 3 4 5 6 11 13 e
2 3 4 5 6 9 11 e
0 2 3 5 11 e
2 3 4 5 6 12 e
0 3 4 5 7 9 11 12 14 e
0 3 4 5 7 10 11 12 14 e
0 3 4 5 10 11 12 13 14 e
0 3 4 5 9 11 12 13 14 e
0 3 4 5 9 10 11 12 14 e
0 2 3 5 11 13 e
0 3 4 5 8 10 11 12 14 e
0 2 3 5 7 11 e
2 3 4 5 6 9 11 12 e
0 3 5 6 10 11 12 13 14 e
0 3 4 5 7 8 11 12 14 e
0 3 4 5 7 9 12 13 14 e
0 2 3 5 11 12 e
2 3 4 5 6 8 e
0 2 3 5 13 e
0 3 5 6 7 11 12 13 14 e
0 3 4 5 8 11 12 13 14 e
0 3 4 5 7 10 12 13 14 e
2 3 4 5 6 11 14 e
0 3 4 5 7 9 11 12 13 e
0 3 4 5 7 10 11 12 13 e
0 3 4 5 7 10 11 13 14 e
0 2 3 5 10 11 e
0 3 5 6 7 10 11 12 14 e
0 2 3 5 7 e
0 3 4 5 6 12 e
0 2 3 4 11 e
0 3 4 5 6 14 e
0 3 4 5 9 10 11 12 13 e
0 2 3 4 12 e
0 3 4 5 6 11 12 e
0 3 4 5 8 9 11 12 14 e
0 3 4 5 6 11 e
0 3 4 5 7 9 10 11 12 e
0 3 4 5 7 9 11 13 14 e
0 3 4 5 7 9 10 12 14 e
0 2 3 5 12 e
0 3 4 5 9 10 11 13 14 e
0 3 4 5 7 9 11 12 13 14 e
0 3 4 5 6 12 14 e
0 3 5 6 9 10 11 12 14 e
0 3 4 5 6 11 14 e
0 3 5 6 9 11 12 13 14 e
0 3 4 5 7 9 10 11 14 e
2 3 4 5 6 12 14 e
0 3 5 6 7 9 11 12 14 e
0 3 5 6 7 10 11 12 13 e
0 2 3 5 7 13 e
0 3 4 5 8 10 11 13 14 e
0 2 3 5 7 11 12 e
0 3 4 5 7 8 10 12 14 e
0 2 3 4 11 12 e
0 3 4 5 6 11 12 14 e
0 3 5 6 7 10 11 13 14 e
0 2 3 4 7 e
0 2 3 5 11 14 e
0 3 4 5 6 10 e
0 2 3 5 14 e
0 2 3 4 9 e
0 3 5 6 7 10 12 13 14 e
0 2 3 4 10 11 e
0 3 4 5 7 8 10 11 14 e
0 3 5 6 7 10 11 12 13 14 e
0 2 3 4 7 11 e
0 3 4 5 6 7 e
0 2 3 4 5 e
0 3 5 6 8 10 11 12 14 e
0 3 5 6 7 9 10 12 14 e
0 2 3 6 11 e
0 3 5 6 7 9 11 13 14 e
0 3 5 6 7 9 11 12 13 e
0 3 5 6 7 9 10 11 14 e
0 3 4 5 6 11 13 e
0 2 3 4 9 11 e
0 3 4 5 6 13 e
0 2 3 4 10 e
0 2 3 4 11 13 e
0 3 4 5 6 9 e
0 2 3 4 14 e
0 3 4 5 6 7 11 e
0 3 5 6 9 10 11 13 14 e
0 3 5 6 7 9 12 13 14 e
0 3 4 5 6 10 11 e
0 3 4 5 7 9 10 13 14 e
0 3 4 5 7 9 10 11 13 e
0 3 4 5 6 9 14 e
0 3 5 6 7 9 11 12 13 14 e
0 2 3 7 9 10 11 13 e
0 2 3 4 11 14 e
0 3 5 6 7 8 10 11 14 e
0 2 3 6 12 e
0 2 3 4 8 11 e
0 2 3 6 7 11 e
