100
2 11 15 18 e
2 3 15 18 e
1 2 3 18 e
2 11 14 15 e
2 5 11 18 e
2 3 14 15 e
1 2 11 18 e
1 2 3 14 e
2 3 5 18 e
2 5 11 14 e
2 3 16 18 e
2 11 16 18 e
2 11 15 17 e
3 15 17 18 e
1 2 11 14 e
2 3 5 14 e
1 2 3 19 e
1 3 18 19 e
2 7 15 18 e
3 6 15 18 e
3 5 17 18 e
11 15 17 18 e
3 10 15 18 e
10 11 15 18 e
1 3 6 19 e
2 3 15 17 e
2 6 11 15 e
5 10 11 18 e
2 5 11 17 e
2 11 14 16 e
3 6 14 15 e
3 13 15 18 e
6 11 15 18 e
1 2 11 17 e
2 5 7 18 e
11 12 15 18 e
5 11 17 18 e
1 2 3 8 e
2 7 14 15 e
3 14 15 17 e
2 3 14 16 e
11 13 15 17 e
1 2 7 18 e
3 6 9 15 e
3 5 6 18 e
3 5 13 17 e
1 10 11 18 e
3 5 14 17 e
2 11 16 17 e
10 11 14 15 e
3 13 15 17 e
11 13 15 18 e
1 3 14 19 e
1 3 17 18 e
11 14 15 17 e
1 2 6 11 e
3 5 13 18 e
1 3 6 18 e
11 15 17 19 e
3 14 15 18 e
6 11 14 15 e
6 11 15 17 e
5 11 13 17 e
5 6 11 18 e
3 13 14 15 e
3 5 6 14 e
1 3 12 18 e
5 11 12 18 e
3 16 17 18 e
2 5 6 11 e
1 2 3 17 e
1 3 9 18 e
1 3 6 9 e
5 11 13 18 e
11 12 14 15 e
5 11 14 17 e
1 2 9 11 e
1 2 3 11 e
11 13 14 15 e
11 15 18 19 e
1 3 13 18 e
3 6 15 17 e
1 11 17 18 e
3 6 16 18 e
1 11 18 19 e
1 2 7 14 e
11 16 17 18 e
9 11 15 17 e
1 3 6 14 e
1 10 11 14 e
1 6 11 18 e
1 11 12 18 e
5 11 12 14 e
11 14 15 18 e
1 3 12 14 e
1 3 14 17 e
3 13 16 18 e
1 11 17 19 e
3 14 16 17 e
3 12 14 15 e
