100
1 2 5 6 8 11 13 14 16 19 e
1 2 5 6 7 8 11 13 14 19 e
2 5 6 7 8 11 13 14 16 19 e
1 2 6 7 8 11 13 14 16 19 e
2 6 7 8 9 11 13 14 16 19 e
1 2 5 6 8 11 13 16 18 19 e
5 6 7 8 9 11 13 14 16 19 e
1 5 6 7 8 11 13 14 16 19 e
1 2 6 7 8 9 11 13 14 19 e
2 5 6 7 9 11 13 14 16 19 e
1 2 5 6 8 11 13 14 16 18 e
1 2 5 6 7 11 13 14 16 19 e
1 2 6 7 8 11 13 14 16 18 e
1 2 5 6 7 8 13 14 16 19 e
2 6 7 8 9 11 13 16 18 19 e
1 2 5 6 8 10 11 13 14 19 e
2 3 6 7 8 9 11 13 14 19 e
2 6 7 8 9 11 13 14 16 18 e
2 6 7 8 9 11 12 13 16 19 e
2 7 8 9 11 13 14 16 18 19 e
0 2 7 8 9 11 13 14 16 19 e
1 2 5 6 11 13 14 16 18 19 e
1 2 6 8 11 13 14 16 18 19 e
2 6 7 8 9 10 11 13 14 19 e
2 6 7 8 10 11 13 14 16 19 e
2 3 6 7 8 9 11 13 16 19 e
1 2 6 7 8 11 13 14 18 19 e
1 2 5 6 7 9 11 13 14 19 e
1 2 5 6 7 11 13 16 18 19 e
0 1 2 7 8 11 13 14 16 19 e
2 5 6 7 8 9 13 14 16 19 e
1 2 4 5 6 8 11 13 16 19 e
1 2 5 8 11 12 13 14 16 19 e
2 5 7 8 11 12 13 14 16 19 e
1 2 6 8 10 11 13 14 16 19 e
1 2 6 7 8 9 11 13 18 19 e
1 2 6 8 11 13 14 15 16 19 e
2 3 5 6 8 11 13 14 16 19 e
1 2 7 8 11 12 13 14 16 19 e
2 5 6 7 11 13 14 16 18 19 e
2 7 8 9 11 12 13 14 16 19 e
0 1 2 6 8 11 13 14 16 19 e
1 2 6 8 11 12 13 14 16 19 e
1 2 5 6 10 11 13 14 16 19 e
0 2 6 7 8 9 11 13 16 19 e
2 3 6 7 8 9 11 13 14 16 e
1 5 6 7 8 11 12 13 16 19 e
0 2 5 6 7 11 13 14 16 19 e
1 2 5 6 7 10 11 13 14 19 e
2 5 6 7 9 11 13 16 18 19 e
1 2 4 6 8 11 13 14 16 19 e
1 2 6 7 8 11 13 16 18 19 e
1 2 7 8 9 11 12 13 14 19 e
1 3 5 6 7 8 11 13 14 19 e
1 2 3 6 7 8 9 11 13 19 e
2 6 7 8 11 13 14 15 16 19 e
1 2 5 6 8 13 14 16 18 19 e
1 2 5 6 7 8 13 16 18 19 e
2 6 7 8 9 10 11 13 18 19 e
2 6 7 8 9 11 14 16 18 19 e
2 4 6 7 8 9 11 13 16 19 e
1 2 4 6 7 8 11 13 14 19 e
0 2 6 7 8 11 13 14 16 19 e
0 5 6 7 9 11 13 14 16 19 e
1 2 5 6 7 8 9 13 14 19 e
2 5 6 7 8 9 13 16 18 19 e
1 5 7 8 11 12 13 14 16 19 e
0 1 5 6 7 11 13 14 16 19 e
1 2 6 8 10 11 13 16 18 19 e
2 4 7 8 9 11 13 14 16 19 e
1 2 6 8 11 13 15 16 18 19 e
0 1 2 5 6 8 13 14 16 19 e
0 1 2 3 6 8 11 13 16 19 e
1 2 4 5 6 11 13 14 16 19 e
0 1 2 5 11 12 13 14 16 19 e
2 4 6 7 8 11 13 14 16 19 e
2 5 6 7 9 11 12 13 16 19 e
1 2 5 6 7 8 13 14 16 18 e
0 1 2 6 7 9 11 13 14 19 e
1 2 6 8 11 13 14 15 16 18 e
0 1 2 3 6 7 8 11 13 19 e
0 2 6 7 8 10 11 13 16 19 e
0 2 5 6 7 8 13 14 16 19 e
0 2 6 7 8 9 10 11 13 19 e
2 5 6 7 8 9 12 13 16 19 e
0 1 2 6 7 11 13 16 18 19 e
2 6 7 8 9 11 12 14 16 19 e
0 1 5 6 7 9 11 13 14 19 e
0 1 2 8 11 13 14 16 18 19 e
1 2 5 6 8 11 12 14 16 19 e
0 2 6 7 8 9 11 13 16 18 e
1 2 6 8 11 12 13 15 16 19 e
1 5 6 7 11 13 14 16 18 19 e
0 1 5 6 7 11 13 16 18 19 e
1 2 6 7 11 12 13 14 16 19 e
2 6 7 9 11 13 14 15 16 19 e
0 1 2 6 7 11 12 13 16 19 e
0 1 2 4 8 11 13 14 16 19 e
0 2 3 7 8 9 11 13 16 19 e
0 2 4 7 9 11 13 14 16 19 e
