100
0 6 15 24 e
0 6 8 23 e
0 1 6 24 e
6 7 15 24 e
6 8 10 23 e
6 7 8 23 e
6 7 8 24 e
1 6 7 24 e
0 15 19 24 e
0 6 8 17 e
1 10 19 24 e
0 8 19 24 e
0 6 15 23 e
0 2 6 15 e
0 1 19 24 e
0 2 6 8 e
0 8 19 23 e
0 6 15 17 e
0 1 6 17 e
6 10 15 17 e
6 8 10 17 e
0 1 2 6 e
7 8 15 17 e
7 10 15 17 e
0 1 6 23 e
8 10 19 23 e
6 7 15 17 e
1 6 10 17 e
6 10 15 23 e
10 15 17 19 e
2 6 7 8 e
2 6 7 15 e
6 7 8 17 e
0 15 17 19 e
7 15 19 24 e
1 7 10 17 e
7 10 15 24 e
1 6 10 23 e
1 6 7 17 e
0 6 8 15 e
1 10 17 19 e
6 7 15 23 e
1 2 6 7 e
8 10 17 19 e
0 8 17 19 e
2 6 8 10 e
1 7 8 17 e
7 8 19 24 e
7 8 19 23 e
0 2 15 19 e
0 1 17 19 e
0 2 8 19 e
1 7 19 24 e
2 6 10 15 e
1 6 7 23 e
0 1 2 19 e
6 7 8 15 e
1 2 6 10 e
0 1 6 8 e
0 15 19 23 e
2 8 10 19 e
0 8 17 24 e
0 8 15 17 e
1 7 10 24 e
7 8 17 24 e
7 8 15 24 e
0 7 15 17 e
0 15 17 18 e
10 15 19 23 e
0 8 17 23 e
0 1 7 17 e
2 7 15 19 e
7 8 17 23 e
0 15 17 24 e
0 1 17 18 e
1 10 19 23 e
1 6 7 8 e
7 15 17 19 e
7 8 17 19 e
0 10 15 17 e
1 7 8 24 e
0 1 19 23 e
7 8 23 24 e
1 7 17 19 e
2 7 8 19 e
7 8 10 17 e
7 15 17 24 e
6 8 10 15 e
1 7 17 24 e
0 1 10 17 e
0 15 18 23 e
7 8 17 21 e
1 2 7 19 e
2 7 10 15 e
7 15 19 23 e
1 7 19 23 e
2 7 8 15 e
7 10 15 23 e
7 8 15 19 e
1 2 7 8 e
