100
0 1 2 3 6 9 23 29 e
0 1 2 3 6 9 10 e
0 1 2 3 9 10 23 29 e
0 1 2 3 9 12 23 29 e
0 2 3 5 7 9 10 12 e
0 1 2 3 5 9 23 29 e
0 1 2 3 5 6 10 e
0 1 2 3 9 10 12 e
0 1 2 3 6 9 10 23 e
0 1 2 3 6 9 12 e
0 1 2 3 5 6 9 e
0 1 2 3 9 10 19 23 29 e
0 1 2 3 6 9 19 23 29 e
0 1 2 3 6 10 11 e
0 1 2 3 6 10 12 e
0 1 2 3 5 9 10 e
0 1 2 3 6 9 11 e
0 1 2 3 9 12 19 23 29 e
0 1 3 5 6 7 9 10 e
0 2 3 5 7 9 10 12 15 e
0 1 2 3 5 9 12 e
0 2 3 5 9 10 12 14 19 23 29 e
0 1 2 3 5 10 12 e
0 2 3 5 7 9 12 15 19 23 29 e
0 1 2 3 9 10 12 23 e
0 2 3 5 8 9 10 12 e
0 1 2 3 5 9 19 23 29 e
0 2 3 5 7 9 12 15 18 23 29 e
0 1 3 5 6 9 10 14 19 23 29 e
0 2 3 5 7 9 12 15 16 18 25 e
0 1 2 3 6 9 12 23 e
0 1 2 3 6 11 20 26 e
0 1 2 3 6 9 14 19 23 29 e
0 1 3 6 9 10 12 14 19 23 29 e
0 1 3 5 6 7 9 10 23 e
0 1 3 5 7 9 10 12 e
0 1 2 3 6 9 10 23 29 e
0 2 3 5 7 9 10 12 23 e
0 2 3 5 7 9 12 14 19 23 29 e
0 1 2 3 6 9 11 23 e
0 2 3 5 7 9 12 15 18 23 25 e
0 1 3 5 6 9 10 12 e
0 1 2 3 5 7 10 e
0 1 2 3 5 6 9 23 e
0 1 2 3 9 12 14 19 23 29 e
0 1 3 5 6 9 10 11 e
0 2 3 5 7 9 10 12 23 29 e
0 1 2 3 5 6 7 e
0 1 2 3 5 7 9 e
0 1 2 3 6 10 11 26 e
0 1 3 6 9 10 11 14 19 23 29 e
0 1 2 3 6 9 11 26 e
0 1 2 3 5 7 15 18 e
0 2 3 5 7 8 9 12 e
0 1 3 5 6 9 10 12 23 e
0 1 3 6 9 10 11 12 e
0 1 3 5 6 7 9 10 15 e
0 1 3 5 7 9 10 12 23 e
0 1 2 3 5 6 12 e
0 1 2 3 5 7 12 e
0 1 3 5 6 9 10 11 23 e
0 1 2 3 5 9 12 23 e
0 1 2 3 5 6 9 23 29 e
0 1 2 3 8 10 12 e
0 1 2 3 8 12 21 22 e
0 1 2 3 5 6 11 e
0 1 3 6 8 9 10 12 e
0 1 3 5 6 7 9 10 15 23 e
0 2 3 5 8 9 12 19 21 23 29 e
0 1 3 6 9 10 11 12 23 e
0 1 2 3 8 9 12 e
0 1 3 5 7 9 10 12 15 e
0 1 2 3 6 9 10 19 23 29 e
0 1 3 5 6 9 10 11 15 e
0 1 2 3 6 11 12 e
0 2 3 5 7 8 9 12 21 e
0 1 3 5 6 9 10 11 26 e
0 1 2 3 6 9 11 23 26 e
0 1 2 3 6 8 12 e
0 1 2 3 5 6 7 15 e
0 1 2 3 5 7 9 15 e
0 1 3 5 8 9 10 12 e
0 1 2 3 5 7 9 23 e
0 2 3 5 7 8 9 12 23 e
0 1 3 5 6 7 9 10 23 29 e
0 1 3 5 6 7 10 12 e
0 1 2 3 5 7 15 18 25 e
0 1 3 6 8 9 10 12 23 e
0 1 2 3 6 9 11 20 26 e
0 1 3 6 9 10 11 12 26 e
0 1 3 5 7 9 10 12 23 29 e
0 1 3 5 6 9 10 11 15 23 e
0 1 3 5 6 9 10 11 23 26 e
0 1 2 3 5 7 12 15 e
0 1 3 5 6 7 9 10 15 18 e
0 1 2 3 5 8 12 e
0 1 3 6 8 9 10 12 21 e
0 1 2 3 8 9 12 21 e
0 2 3 5 7 9 12 15 18 23 25 29 e
0 1 3 5 9 10 12 14 19 23 29 e
