100
0 1 2 3 4 5 6 7 8 10 11 13 16 17 18 19 e
0 1 2 4 5 6 7 8 9 10 11 12 13 14 15 16 17 18 19 e
0 1 2 3 4 5 6 7 8 9 10 11 12 13 15 16 17 18 19 e
0 1 2 3 4 5 6 7 8 10 11 13 14 16 17 18 19 e
0 1 2 3 4 5 6 7 8 9 10 11 12 13 14 16 17 18 19 e
0 1 2 3 4 5 6 7 8 10 11 12 13 15 16 17 18 19 e
0 1 2 3 4 5 6 7 8 10 11 12 13 14 15 16 17 18 19 e
0 1 2 3 4 5 6 7 8 9 10 11 12 13 14 15 16 17 18 19 e
0 1 2 3 4 5 6 7 8 10 11 12 13 16 17 18 19 e
0 1 2 3 4 5 6 7 8 9 10 11 13 14 16 17 18 19 e
0 1 2 3 4 5 6 7 8 9 10 11 12 13 16 17 18 19 e
0 1 2 4 5 6 7 8 10 11 12 13 14 15 16 17 18 19 e
0 1 2 4 5 6 7 8 10 11 12 13 15 16 17 18 19 e
0 1 2 3 4 5 6 7 8 9 10 11 13 16 17 18 19 e
0 1 2 3 4 5 6 7 8 10 11 12 13 14 15 16 18 19 e
0 1 2 3 4 5 6 7 8 9 10 11 12 13 14 15 16 18 19 e
0 1 2 4 5 6 7 8 9 10 11 12 13 15 16 17 18 19 e
0 1 2 4 5 6 7 8 9 10 11 13 16 17 18 19 e
0 1 2 4 5 6 7 8 10 11 12 13 14 16 17 18 19 e
0 1 2 3 4 5 6 7 8 10 11 12 13 14 16 17 18 19 e
0 1 2 4 5 6 7 8 10 11 12 13 16 17 18 19 e
0 1 2 3 4 5 6 7 8 9 10 13 16 17 18 19 e
0 1 2 4 5 6 7 8 9 10 11 12 13 16 17 18 19 e
0 1 2 4 5 6 7 8 10 11 13 16 17 18 19 e
0 1 2 3 4 5 6 7 8 10 11 12 13 15 16 18 19 e
0 1 2 3 4 5 6 7 8 10 13 14 16 17 18 19 e
0 1 2 3 4 5 6 7 8 9 10 11 12 13 15 16 18 19 e
0 1 2 3 4 5 6 7 8 9 10 13 14 16 17 18 19 e
0 1 2 4 5 6 7 8 10 11 13 14 16 17 18 19 e
0 1 2 3 4 5 6 7 8 10 11 12 15 16 17 18 19 e
0 1 2 4 5 6 7 8 9 10 11 12 13 14 16 17 18 19 e
0 1 2 3 4 5 6 7 8 9 10 11 12 14 16 17 18 19 e
0 1 2 4 5 6 7 8 10 11 12 13 14 15 16 18 19 e
0 1 2 4 5 6 7 8 9 10 11 12 13 14 15 16 18 19 e
0 1 2 3 4 5 6 7 8 9 10 11 12 16 17 18 19 e
0 1 2 4 5 6 7 8 9 10 11 13 14 16 17 18 19 e
0 1 2 4 5 6 7 8 10 11 12 14 15 16 17 18 19 e
0 1 2 3 5 6 7 8 10 11 12 13 14 15 16 17 18 19 e
0 1 2 4 5 6 7 8 10 13 16 17 18 19 e
0 1 2 3 4 5 6 7 8 10 13 16 17 18 19 e
0 1 2 4 5 6 7 8 9 10 11 12 14 15 16 17 18 19 e
0 1 2 3 4 5 6 7 8 9 10 11 12 15 16 17 18 19 e
0 1 2 3 4 5 6 7 8 10 11 14 16 17 18 19 e
0 1 2 3 5 6 7 8 9 10 11 12 13 14 15 16 17 18 19 e
0 1 2 5 6 7 8 10 11 12 13 14 15 16 17 18 19 e
0 1 2 3 4 5 6 7 8 9 10 11 14 16 17 18 19 e
0 1 2 3 4 5 6 7 8 10 11 12 16 17 18 19 e
0 1 3 4 5 6 7 8 9 10 11 12 13 15 16 17 18 19 e
0 1 2 4 5 6 7 8 9 10 13 16 17 18 19 e
0 1 2 5 6 7 8 10 11 12 13 15 16 17 18 19 e
0 1 2 3 5 6 7 8 10 11 12 13 15 16 17 18 19 e
0 1 2 3 4 5 6 7 8 10 11 12 14 16 17 18 19 e
0 1 2 3 5 6 7 8 9 10 11 12 13 15 16 17 18 19 e
0 1 2 4 5 6 7 8 10 11 12 13 15 16 18 19 e
0 1 2 3 4 5 6 7 8 10 11 12 14 15 16 17 18 19 e
0 1 3 4 5 6 7 8 10 11 12 13 15 16 17 18 19 e
0 1 2 3 4 5 6 7 8 9 10 11 12 14 15 16 17 18 19 e
0 2 3 4 5 6 7 8 9 10 11 12 13 14 15 16 17 18 19 e
0 1 2 4 5 6 7 8 10 11 12 14 16 17 18 19 e
0 2 3 4 5 6 7 8 10 11 12 13 15 16 17 18 19 e
0 1 4 5 6 7 8 10 11 12 13 14 15 16 17 18 19 e
0 2 3 4 5 6 7 8 9 10 11 12 13 15 16 17 18 19 e
0 1 3 4 5 6 7 8 10 11 12 13 14 15 16 17 18 19 e
0 1 4 5 6 7 8 9 10 11 12 13 14 15 16 17 18 19 e
0 1 3 4 5 6 7 8 9 10 11 12 13 14 15 16 17 18 19 e
0 1 2 5 6 7 8 9 10 11 12 13 14 15 16 17 18 19 e
0 1 2 4 5 6 7 8 9 10 11 12 13 15 16 18 19 e
0 1 2 4 5 6 7 8 10 11 12 16 17 18 19 e
0 1 2 5 6 7 8 9 10 11 12 13 15 16 17 18 19 e
0 1 3 4 5 6 7 8 10 11 12 13 14 16 17 18 19 e
0 1 4 5 6 7 8 10 11 12 13 16 17 18 19 e
0 2 3 4 5 6 7 8 10 11 12 13 14 16 17 18 19 e
0 1 4 5 6 7 8 9 10 11 12 13 16 17 18 19 e
0 2 3 4 5 6 7 8 9 10 11 12 13 14 16 17 18 19 e
0 2 3 4 5 6 7 8 10 11 12 13 14 15 16 17 18 19 e
0 1 3 4 5 6 7 8 10 11 12 13 16 17 18 19 e
0 1 4 5 6 7 8 10 11 12 13 15 16 17 18 19 e
0 1 3 4 5 6 7 8 9 10 11 12 13 16 17 18 19 e
0 1 4 5 6 7 8 9 10 11 12 13 15 16 17 18 19 e
0 1 2 4 5 6 7 8 10 13 14 16 17 18 19 e
0 1 3 4 5 6 7 8 9 10 11 12 13 14 16 17 18 19 e
0 1 2 4 5 6 7 8 9 10 11 12 14 16 17 18 19 e
0 1 3 4 5 6 7 8 10 11 13 14 16 17 18 19 e
0 1 4 5 6 7 8 10 11 13 14 16 17 18 19 e
0 1 3 4 5 6 7 8 9 10 11 13 16 17 18 19 e
0 1 2 4 5 6 7 8 9 10 13 14 16 17 18 19 e
0 1 2 4 5 6 7 8 9 10 11 12 16 17 18 19 e
0 1 4 5 6 7 8 9 10 11 13 14 16 17 18 19 e
0 1 3 4 5 6 7 8 9 10 11 13 14 16 17 18 19 e
0 1 2 4 5 6 7 8 9 10 11 12 13 14 16 17 18 e
0 1 3 4 5 6 7 8 10 11 13 16 17 18 19 e
0 1 2 4 5 6 7 8 10 11 12 13 14 16 17 18 e
0 2 4 5 6 7 8 10 11 12 13 14 16 17 18 19 e
0 2 4 5 6 7 8 10 11 12 13 14 15 16 17 18 19 e
0 2 4 5 6 7 8 9 10 11 12 13 14 15 16 17 18 19 e
0 2 4 5 6 7 8 9 10 11 12 13 14 16 17 18 19 e
0 1 4 5 6 7 8 10 11 12 13 14 16 17 18 19 e
0 1 4 5 6 7 8 10 11 13 16 17 18 19 e
0 1 4 5 6 7 8 9 10 11 12 13 14 16 17 18 19 e
0 1 4 5 6 7 8 9 10 11 13 16 17 18 19 e
