100
0 1 3 6 7 8 9 13 17 18 e
0 1 3 6 8 9 13 16 17 18 e
0 1 3 6 8 9 10 13 17 18 e
1 3 4 6 8 9 10 13 16 17 e
1 3 4 6 8 9 10 13 17 18 e
1 3 6 8 9 10 13 16 17 18 e
1 3 6 8 9 13 15 16 17 18 e
1 3 4 6 7 8 9 13 16 17 e
1 3 6 7 8 9 10 13 17 18 e
0 1 3 4 6 8 9 13 16 18 e
0 1 3 6 8 9 10 13 16 17 e
0 1 3 4 6 8 9 13 17 18 e
0 1 3 4 6 8 9 13 16 17 e
0 1 3 6 7 8 9 10 13 17 e
1 3 4 6 8 9 10 13 17 19 e
0 1 3 6 7 8 9 13 16 17 e
1 3 4 6 7 8 9 13 17 18 e
1 3 4 6 8 9 13 17 18 19 e
1 3 6 8 9 10 11 13 17 18 e
0 1 3 6 8 9 13 15 17 18 e
0 1 3 6 8 9 10 17 18 19 e
1 3 6 7 8 9 13 16 17 18 e
0 1 3 6 8 9 13 15 16 17 e
0 1 6 8 9 13 15 16 17 18 e
1 4 6 8 9 13 15 16 17 18 e
1 3 6 7 8 9 13 15 17 18 e
0 1 3 6 8 9 12 13 17 18 e
0 1 3 6 8 9 10 13 17 19 e
1 3 4 6 8 9 10 17 18 19 e
1 3 4 6 8 9 10 13 16 18 e
1 3 4 6 8 9 13 15 16 18 e
0 1 3 4 6 8 9 13 17 19 e
0 1 6 8 9 10 13 15 17 18 e
1 4 6 7 8 9 13 15 17 18 e
1 3 6 8 9 11 13 16 17 18 e
0 1 6 7 8 9 13 15 17 18 e
0 1 3 6 8 9 13 15 16 18 e
1 3 6 8 9 10 13 15 17 18 e
1 4 6 7 8 9 10 13 15 17 e
0 1 3 4 6 7 8 9 13 17 e
1 4 6 8 9 10 13 15 17 18 e
0 1 3 4 6 7 8 9 10 13 e
1 4 6 7 8 9 10 13 17 18 e
1 3 6 8 9 12 13 16 17 18 e
0 1 3 4 6 8 9 10 13 18 e
1 3 6 7 8 9 13 15 16 17 e
1 3 4 6 8 9 10 13 15 18 e
1 3 4 6 7 8 9 10 13 18 e
1 3 6 8 9 10 13 15 17 19 e
0 1 3 6 8 9 13 15 17 19 e
0 1 4 6 8 9 10 13 17 18 e
0 1 4 6 7 8 9 13 17 18 e
0 1 4 6 8 9 13 15 16 17 e
1 4 6 8 9 10 13 15 16 17 e
0 1 4 6 8 9 13 16 17 18 e
0 1 4 6 8 9 13 15 17 18 e
0 1 3 6 7 8 9 13 15 17 e
1 6 8 9 10 13 15 16 17 18 e
0 1 4 6 7 8 9 13 15 17 e
1 4 6 8 9 13 15 17 18 19 e
1 3 4 6 8 9 10 13 15 17 e
0 1 3 6 8 9 11 13 16 17 e
0 1 3 6 8 9 10 12 17 18 e
1 6 7 8 9 10 13 15 17 18 e
1 4 6 7 8 9 13 15 16 17 e
0 1 4 6 8 9 13 17 18 19 e
1 4 6 8 9 10 13 16 17 18 e
0 1 6 8 9 12 13 15 17 18 e
1 4 6 8 9 13 15 16 17 19 e
0 1 4 6 8 9 13 15 16 18 e
1 3 4 6 8 9 13 15 17 18 e
0 1 6 8 9 13 15 17 18 19 e
1 4 6 8 9 12 13 15 17 18 e
0 1 4 6 7 8 9 13 15 18 e
1 3 4 6 8 9 13 15 16 17 e
0 1 6 8 9 10 15 17 18 19 e
0 1 4 6 7 8 9 10 13 17 e
0 1 4 6 8 9 13 15 17 19 e
1 6 8 9 11 13 15 16 17 18 e
0 1 3 6 8 9 11 13 16 18 e
1 6 7 8 9 11 13 15 17 18 e
0 1 3 4 8 9 13 16 17 18 e
1 4 6 8 9 11 13 16 17 18 e
0 1 4 6 8 9 10 13 16 17 e
0 1 4 6 8 9 10 13 15 18 e
1 3 4 6 7 8 9 13 15 17 e
1 3 4 6 8 9 13 15 17 19 e
0 1 6 7 8 9 11 13 17 18 e
0 1 4 6 8 9 10 13 17 19 e
0 1 3 4 8 9 10 13 17 18 e
0 1 4 6 8 9 10 17 18 19 e
1 4 6 8 9 10 11 13 17 18 e
0 1 3 7 8 9 10 13 17 18 e
0 1 4 6 8 9 10 16 17 18 e
0 1 6 8 12 13 15 16 17 18 e
0 1 4 6 8 9 10 15 16 18 e
0 1 4 6 7 8 9 10 13 15 e
1 3 4 6 8 9 13 16 17 18 e
1 3 6 7 8 9 10 13 15 17 e
0 1 4 6 8 9 10 13 15 17 e
