100
2 3 4 5 7 8 15 18 20 e
1 2 4 5 7 8 15 18 20 e
2 3 4 5 6 8 17 18 21 e
1 2 3 7 8 17 18 e
2 3 5 6 7 8 17 18 24 e
1 2 4 5 6 8 15 17 18 e
2 3 4 5 6 8 17 18 19 e
2 3 4 5 6 8 17 18 20 e
1 2 3 5 8 17 21 e
2 3 4 5 6 8 17 19 21 e
1 2 5 7 8 9 15 19 20 e
1 2 5 6 7 8 15 17 18 e
1 2 5 7 8 9 15 20 21 e
1 2 3 4 8 17 21 e
1 2 5 7 8 9 10 15 18 e
1 2 3 4 8 17 18 e
1 2 4 5 8 9 10 15 18 e
1 2 4 5 8 9 15 18 19 e
1 2 4 5 8 9 10 18 19 e
1 2 4 5 8 9 15 19 20 e
1 2 3 4 8 18 19 e
1 2 5 7 8 9 15 20 24 e
1 2 3 7 8 17 21 e
1 2 4 5 8 9 15 19 21 e
1 2 4 5 8 9 18 19 20 e
2 3 5 6 7 8 17 18 21 e
1 2 5 7 8 9 15 19 21 e
1 2 4 5 8 9 15 20 21 e
1 2 5 7 8 9 19 20 21 e
1 2 5 6 7 8 17 18 24 e
1 2 5 7 8 9 10 18 19 e
1 2 4 5 8 9 18 19 21 e
1 2 5 7 8 9 15 19 24 e
1 2 3 7 8 17 24 e
2 3 5 6 7 8 17 19 21 e
1 2 4 5 8 9 15 18 20 e
1 2 3 4 8 19 20 e
2 3 4 5 6 8 11 17 19 e
1 2 5 7 8 9 15 18 19 e
1 2 4 5 8 9 10 18 20 e
1 2 5 7 8 9 15 18 21 e
1 2 5 7 8 9 10 18 24 e
1 2 3 5 8 15 19 e
1 2 5 7 8 9 19 20 24 e
1 2 5 7 8 9 10 18 20 e
1 2 4 5 8 9 15 18 21 e
1 2 4 5 8 9 19 20 21 e
2 3 4 5 6 8 11 17 21 e
2 3 5 6 7 8 14 17 19 e
1 2 3 4 8 18 20 e
1 2 5 7 8 9 20 21 24 e
1 2 3 4 8 11 17 e
2 3 5 6 7 8 17 19 24 e
1 2 5 7 8 9 15 21 24 e
1 2 5 7 8 9 14 15 19 e
1 2 4 5 6 8 10 17 18 e
1 2 3 4 8 14 19 e
1 2 5 7 8 9 18 19 24 e
1 2 5 7 8 9 18 19 20 e
1 2 4 5 8 9 14 19 20 e
1 2 3 5 8 15 18 e
1 2 5 7 8 9 15 18 24 e
1 2 5 7 8 9 14 19 20 e
1 2 5 7 8 9 18 19 21 e
1 2 4 5 8 9 18 20 21 e
1 2 4 5 6 8 15 18 20 e
1 2 5 7 8 9 10 18 21 e
1 2 3 5 7 17 24 e
1 2 5 7 8 9 15 22 24 e
1 2 5 7 8 9 11 15 21 e
1 2 5 7 8 9 14 18 19 e
1 2 5 7 8 9 11 20 21 e
1 2 3 7 8 19 24 e
1 2 4 5 8 9 11 19 21 e
1 2 4 5 8 9 14 19 21 e
1 2 4 5 8 9 14 18 19 e
1 2 5 7 8 9 18 21 24 e
1 2 3 5 8 14 19 e
1 2 5 7 8 9 18 20 21 e
1 2 5 7 8 9 18 20 24 e
1 2 5 7 8 9 11 18 21 e
1 2 3 4 8 11 18 e
1 2 5 7 8 9 21 22 24 e
1 2 4 5 8 9 11 20 21 e
2 3 5 6 7 8 17 22 24 e
1 2 4 5 8 9 10 18 21 e
1 2 5 7 8 9 11 19 21 e
1 2 3 4 8 17 18 21 e
1 2 5 7 8 9 20 22 24 e
1 2 3 4 8 17 18 19 e
1 2 5 7 8 9 14 19 24 e
1 2 3 7 8 14 19 e
1 2 5 7 8 9 19 22 24 e
1 2 4 5 8 9 11 15 21 e
1 2 5 7 8 9 18 22 24 e
1 2 5 7 8 9 15 19 20 24 e
1 2 5 7 8 9 14 19 21 e
1 2 5 7 8 9 22 23 24 e
1 2 4 5 7 8 9 e
1 2 3 6 8 17 21 e
