100
4 8 12 15 24 e
4 8 15 24 26 e
2 8 12 15 17 e
4 8 12 15 27 e
4 12 15 24 26 e
2 8 12 17 26 e
8 15 20 24 27 e
8 15 20 24 26 e
2 8 12 15 27 e
8 12 15 20 26 e
8 12 15 20 27 e
2 8 12 15 26 e
8 12 15 17 26 e
2 12 15 17 26 e
2 8 12 20 26 e
0 2 8 12 15 e
2 8 12 20 27 e
2 8 12 15 29 e
8 12 15 20 29 e
2 8 10 12 17 e
8 12 15 20 24 e
8 11 15 24 27 e
2 8 15 17 24 e
0 2 8 15 26 e
8 12 15 17 20 e
2 8 11 12 26 e
8 12 15 17 27 e
2 8 11 12 27 e
8 11 12 15 24 e
8 15 17 24 26 e
2 8 11 24 26 e
8 11 12 15 26 e
2 8 12 17 29 e
2 8 15 17 26 e
8 11 15 24 26 e
8 10 12 15 17 e
8 12 15 21 26 e
2 8 17 24 26 e
8 11 12 15 17 e
8 12 15 24 26 e
4 8 12 15 21 e
8 12 15 17 29 e
0 2 8 12 20 e
0 2 8 10 12 e
2 8 11 12 24 e
2 5 8 12 17 e
2 8 11 12 29 e
0 8 12 15 20 e
2 8 12 21 26 e
2 8 12 17 27 e
8 11 12 15 27 e
8 11 12 15 29 e
2 8 15 17 29 e
8 15 24 26 27 e
0 8 15 20 26 e
8 12 15 24 25 e
4 8 10 12 24 e
8 10 12 15 24 e
12 15 20 24 26 e
8 15 24 25 27 e
4 8 11 12 27 e
0 2 8 15 17 e
5 8 15 24 26 e
5 8 15 24 27 e
5 8 12 15 24 e
0 8 12 15 26 e
2 10 12 17 26 e
4 8 11 12 29 e
7 15 20 24 27 e
0 8 15 20 29 e
11 12 15 24 26 e
0 2 8 11 12 e
8 12 15 26 27 e
0 8 11 12 15 e
8 12 15 24 27 e
0 8 15 17 26 e
2 5 8 12 27 e
8 12 15 21 27 e
5 8 12 15 27 e
12 15 17 26 27 e
10 12 15 17 26 e
0 8 10 12 15 e
10 12 15 24 26 e
7 8 12 15 21 e
7 8 11 15 24 e
2 8 10 17 24 e
8 12 20 24 25 e
8 10 15 17 24 e
7 8 11 12 15 e
0 2 10 12 26 e
12 15 24 26 27 e
8 10 12 20 24 e
2 5 8 17 26 e
8 10 12 17 26 e
8 11 15 17 24 e
8 12 20 25 27 e
5 8 10 12 24 e
8 11 12 24 25 e
5 8 12 24 25 e
4 8 12 15 26 e
