100
1 2 3 6 7 10 13 15 18 19 21 22 26 28 29 e
2 3 6 7 8 10 13 15 19 20 21 22 26 28 29 e
1 2 3 6 7 10 15 18 19 20 21 22 26 28 29 e
1 2 3 7 10 11 13 15 18 19 21 22 26 28 29 e
1 2 3 6 7 10 13 15 19 20 21 22 26 28 29 e
1 2 3 6 7 8 10 13 15 19 20 21 22 26 29 e
0 1 2 3 7 10 13 15 19 20 21 22 26 28 29 e
1 2 3 7 10 11 15 18 19 20 21 22 26 28 29 e
1 3 7 10 11 13 15 18 19 20 21 22 26 28 29 e
2 3 6 7 8 10 13 14 15 19 21 22 26 28 29 e
1 2 3 7 10 11 13 15 19 20 21 22 26 28 29 e
1 2 3 6 7 10 13 14 15 19 21 22 26 28 29 e
0 2 3 7 8 10 13 15 19 20 21 22 26 28 29 e
2 3 6 7 8 10 15 19 20 21 22 24 26 28 29 e
1 2 3 6 7 8 10 15 19 21 22 24 26 28 29 e
1 2 3 7 8 10 13 15 19 20 21 22 26 28 29 e
2 3 7 8 10 13 15 19 20 21 22 24 26 28 29 e
1 2 3 7 8 10 15 19 21 22 24 26 27 28 29 e
0 1 2 3 7 10 13 15 18 19 21 22 26 28 29 e
0 1 2 3 7 8 10 13 15 19 21 22 26 28 29 e
1 2 3 7 10 11 15 18 19 21 22 25 26 28 29 e
2 3 6 7 8 10 13 14 19 21 22 23 26 28 29 e
1 2 3 7 8 10 13 15 19 21 22 24 26 28 29 e
2 3 7 8 10 13 15 19 20 21 22 23 26 28 29 e
1 2 3 6 7 8 10 13 15 19 21 22 26 28 29 e
0 2 3 7 8 10 13 14 19 20 21 22 26 28 29 e
2 3 6 7 8 10 13 15 19 21 22 23 26 28 29 e
1 3 7 10 11 13 15 18 19 20 21 22 25 28 29 e
1 2 3 6 7 8 10 15 19 20 21 22 24 26 29 e
1 2 3 7 8 10 15 19 20 21 22 24 26 28 29 e
1 2 3 7 10 11 15 19 20 21 22 25 26 28 29 e
2 3 7 8 10 14 19 20 21 22 23 24 26 28 29 e
2 3 6 7 8 10 13 19 20 21 22 23 26 28 29 e
1 3 7 8 10 15 19 20 21 22 24 26 27 28 29 e
2 3 6 7 8 10 11 15 19 20 21 22 26 28 29 e
1 2 3 6 7 10 11 15 18 19 21 22 26 28 29 e
2 3 6 7 8 10 14 15 19 20 21 22 26 28 29 e
2 3 6 7 8 10 13 14 19 20 21 22 26 28 29 e
1 3 7 10 11 13 15 18 19 21 22 25 26 28 29 e
1 2 3 6 7 8 10 15 19 20 21 22 26 28 29 e
0 2 3 7 10 13 14 15 19 20 21 22 26 28 29 e
1 2 3 6 7 8 10 11 15 19 20 21 22 26 29 e
1 2 3 6 7 10 15 19 20 21 22 24 26 28 29 e
0 1 3 7 10 13 15 18 19 20 21 22 26 28 29 e
2 3 6 7 8 10 13 15 19 20 21 22 23 26 29 e
2 3 6 7 10 13 14 15 19 20 21 22 26 28 29 e
1 2 3 6 10 13 15 18 19 20 21 22 26 28 29 e
1 3 7 10 11 15 18 19 20 21 22 24 25 28 29 e
2 3 6 7 8 10 19 20 21 22 23 24 26 28 29 e
0 2 3 6 7 8 10 13 15 19 21 22 26 28 29 e
2 3 6 7 8 10 15 19 20 21 22 23 26 28 29 e
2 3 6 7 8 10 11 13 15 19 21 22 26 28 29 e
2 3 7 10 11 13 14 15 19 20 21 22 26 28 29 e
2 3 7 8 10 15 19 21 22 23 24 26 27 28 29 e
2 3 7 8 10 15 19 20 21 22 23 24 26 28 29 e
1 2 3 7 8 10 13 14 15 19 21 22 26 28 29 e
0 1 2 3 7 10 13 14 15 19 21 22 26 28 29 e
0 2 3 7 8 10 13 14 19 21 22 23 26 28 29 e
0 2 3 7 8 10 13 15 19 21 22 23 26 28 29 e
2 3 7 10 13 14 15 19 20 21 22 24 26 28 29 e
2 3 7 10 14 15 19 20 21 22 24 26 27 28 29 e
1 3 7 10 11 15 18 19 21 22 24 25 26 28 29 e
2 3 6 7 8 15 19 20 21 22 24 26 27 28 29 e
2 3 6 7 8 10 15 19 21 22 23 24 26 28 29 e
1 3 7 10 11 15 18 19 20 21 22 25 26 28 29 e
0 1 2 3 10 13 15 18 19 20 21 22 26 28 29 e
2 3 6 7 8 10 14 19 21 22 23 24 26 28 29 e
2 3 7 8 10 13 14 19 21 22 23 24 26 28 29 e
2 3 7 8 10 19 20 21 22 23 24 26 27 28 29 e
1 3 7 8 10 13 15 19 20 21 22 24 26 28 29 e
2 3 6 7 10 14 15 19 20 21 22 24 26 28 29 e
2 3 7 8 10 13 19 20 21 22 23 24 26 28 29 e
0 2 3 7 8 10 13 19 20 21 22 23 26 28 29 e
2 3 6 7 8 10 15 19 20 21 22 23 24 26 29 e
1 3 7 8 10 13 15 19 20 21 22 24 27 28 29 e
1 3 7 11 15 18 19 20 21 22 24 25 26 28 29 e
2 3 7 8 10 14 19 21 22 23 24 26 27 28 29 e
1 2 3 6 10 13 15 18 19 21 22 25 26 28 29 e
0 1 2 3 6 10 15 18 19 20 21 22 26 28 29 e
1 2 3 7 11 15 18 19 21 22 24 25 26 28 29 e
2 3 6 7 8 10 13 14 19 20 22 23 26 28 29 e
2 3 6 7 8 10 11 14 19 21 22 23 26 28 29 e
0 1 2 3 6 10 13 15 18 19 21 22 26 28 29 e
2 3 6 7 8 10 13 18 19 20 22 23 26 28 29 e
2 3 6 7 10 13 14 15 19 21 22 24 26 28 29 e
2 3 7 8 10 13 14 18 19 20 21 23 26 28 29 e
1 3 6 10 15 19 20 21 22 23 24 26 27 28 29 e
1 2 3 10 13 15 18 19 21 22 24 25 26 28 29 e
0 1 2 3 10 13 15 18 19 21 22 25 26 28 29 e
1 3 7 11 15 18 19 20 21 22 24 25 27 28 29 e
1 2 3 7 11 15 18 19 20 21 22 25 26 28 29 e
2 3 6 7 8 10 18 19 20 22 23 24 26 28 29 e
2 3 6 7 8 10 13 14 18 19 21 23 26 28 29 e
2 3 7 8 10 14 18 19 20 22 23 24 26 28 29 e
1 2 3 7 10 13 15 18 19 20 21 22 26 28 29 e
2 3 7 8 10 13 14 19 20 21 22 23 26 28 29 e
1 2 3 7 10 13 15 19 20 21 22 24 26 28 29 e
1 2 3 6 7 10 11 15 19 20 21 22 26 28 29 e
2 3 6 7 8 10 14 19 20 21 22 23 26 28 29 e
1 2 3 7 10 15 19 20 21 22 24 26 27 28 29 e
