100
1 7 10 e
1 7 8 e
1 2 10 e
1 3 7 e
1 7 13 e
1 2 7 e
1 2 8 e
2 7 13 e
1 5 10 e
2 6 7 e
1 2 3 e
2 4 10 e
4 7 10 e
7 10 12 e
1 6 7 e
1 5 8 e
2 3 4 e
3 4 7 e
0 1 7 e
1 4 7 e
2 4 8 e
4 7 8 e
1 2 13 e
1 7 12 e
7 8 12 e
2 10 12 e
1 2 4 e
3 7 12 e
2 4 13 e
4 7 13 e
1 3 5 e
1 4 10 e
1 5 7 e
2 8 12 e
2 3 12 e
7 13 14 e
1 7 14 e
1 2 6 e
2 7 12 e
1 5 13 e
7 12 13 e
5 7 13 e
1 2 5 e
4 6 7 e
2 4 6 e
0 1 2 e
1 2 12 e
6 7 14 e
5 6 7 e
2 12 13 e
2 5 13 e
1 4 8 e
2 5 6 e
6 7 10 e
0 2 7 e
6 7 12 e
4 5 10 e
7 12 14 e
1 3 4 e
1 5 6 e
7 10 13 e
5 10 12 e
3 4 5 e
4 10 14 e
6 7 8 e
1 4 13 e
1 10 14 e
4 5 8 e
2 6 12 e
0 1 5 e
1 4 5 e
1 5 12 e
2 6 10 e
1 2 14 e
3 4 10 e
4 7 14 e
2 10 13 e
4 7 12 e
2 4 12 e
2 4 7 e
1 8 14 e
3 5 12 e
7 10 11 e
5 8 12 e
4 5 13 e
1 5 14 e
1 10 12 e
2 13 14 e
0 4 7 e
1 3 10 e
0 7 12 e
3 7 13 e
0 2 4 e
5 12 13 e
2 6 8 e
1 4 6 e
1 2 7 10 e
3 4 8 e
4 5 6 e
0 1 4 e
