100
3 7 14 19 e
0 3 6 19 e
3 6 7 19 e
3 6 10 19 e
0 3 14 19 e
2 6 15 19 e
3 7 11 12 e
3 7 10 19 e
3 10 14 19 e
3 10 11 14 e
3 7 11 19 e
7 14 15 19 e
0 6 15 19 e
2 6 11 19 e
3 6 7 12 e
3 10 11 19 e
0 3 11 14 e
3 10 11 12 e
0 14 15 19 e
2 3 10 14 e
0 3 6 12 e
6 7 15 19 e
0 3 11 12 e
0 2 11 19 e
2 10 11 14 e
2 3 6 14 e
3 6 14 19 e
0 2 3 14 e
0 3 7 19 e
2 10 11 19 e
2 10 15 19 e
3 7 10 14 e
6 10 15 19 e
0 3 11 19 e
7 11 17 19 e
7 11 12 17 e
3 6 7 11 e
0 3 6 11 e
5 6 11 19 e
7 11 14 19 e
7 11 14 17 e
3 6 10 11 e
3 7 12 14 e
2 10 14 15 e
10 14 15 19 e
2 6 11 12 e
10 11 14 17 e
2 3 7 14 e
3 6 10 12 e
7 10 15 19 e
3 5 6 14 e
0 6 11 19 e
10 11 12 17 e
0 11 12 17 e
2 6 12 15 e
2 7 15 19 e
10 11 14 15 e
3 6 11 12 e
6 7 11 19 e
10 11 17 19 e
7 11 12 15 e
2 11 14 19 e
2 7 11 19 e
0 3 6 14 e
3 7 11 14 e
3 10 14 17 e
0 2 11 14 e
3 6 11 19 e
0 2 11 12 e
6 11 17 19 e
0 6 12 15 e
6 7 12 15 e
0 11 14 19 e
0 2 14 15 e
7 11 15 19 e
3 6 10 14 e
3 6 7 14 e
6 14 15 19 e
0 3 14 17 e
7 10 11 19 e
3 7 10 12 e
0 3 7 14 e
2 7 11 14 e
0 3 7 12 e
5 6 8 19 e
2 5 11 14 e
6 11 12 17 e
0 6 8 19 e
2 6 14 15 e
10 11 12 15 e
3 5 11 14 e
0 6 11 12 e
2 8 10 14 e
3 5 7 14 e
2 7 12 15 e
6 7 8 19 e
10 11 14 19 e
5 7 11 19 e
0 6 14 15 e
6 10 11 17 e
