100
0 2 3 4 8 12 14 28 e
0 2 3 4 8 12 19 28 e
0 2 3 4 8 10 14 28 e
0 1 2 4 8 12 14 28 e
0 2 3 4 8 10 12 e
0 2 3 4 7 8 14 28 e
0 2 3 4 8 12 14 19 28 e
0 2 3 4 5 8 24 29 e
0 2 3 4 5 8 14 28 e
0 2 3 4 7 8 21 28 e
0 1 2 4 8 10 12 e
0 2 3 4 5 8 28 29 e
0 1 2 4 6 8 14 28 e
0 2 3 4 8 10 12 28 e
0 2 3 4 7 8 21 26 e
0 2 3 4 5 8 10 e
0 2 3 4 5 8 12 e
0 2 3 4 7 8 12 e
0 2 3 4 8 10 12 19 e
0 2 3 4 5 8 16 24 29 e
2 3 4 5 8 10 12 16 20 24 29 e
2 3 4 5 8 10 12 16 24 28 29 e
0 2 3 4 8 10 11 e
2 3 4 5 8 10 12 14 24 28 29 e
0 2 3 4 7 8 14 21 28 e
0 1 2 4 6 8 12 e
2 3 4 5 8 10 12 19 24 28 29 e
0 1 2 4 8 10 12 28 e
0 2 3 4 5 8 12 28 e
2 3 4 5 8 10 12 16 19 24 29 e
0 2 3 4 7 8 21 26 28 e
0 2 3 4 7 8 10 e
0 2 3 4 7 8 9 e
0 2 3 4 8 10 12 14 28 e
0 2 3 4 5 8 10 28 e
0 2 3 4 5 12 24 29 e
0 2 3 4 7 8 17 21 26 e
0 2 3 4 7 8 12 21 e
0 2 3 4 8 10 12 19 28 e
0 2 3 4 7 8 12 28 e
0 2 3 4 5 7 8 e
0 3 4 8 9 10 11 12 e
2 3 4 5 8 10 12 15 16 20 24 29 e
0 2 3 4 7 8 12 19 e
2 3 4 5 8 10 12 14 19 28 29 e
0 2 3 4 7 12 19 21 e
0 2 3 4 7 12 21 26 e
0 2 3 4 5 8 12 29 e
0 1 2 4 6 8 12 28 e
0 2 3 4 5 8 10 29 e
0 2 3 4 5 8 12 19 e
2 3 4 5 8 12 14 15 16 19 20 24 28 29 e
0 2 3 4 7 8 9 28 e
2 3 4 5 8 10 12 16 20 24 28 29 e
0 1 2 4 8 10 12 14 28 e
0 2 3 4 8 10 11 18 e
0 2 3 4 5 8 12 14 28 e
0 2 3 4 5 8 10 14 28 e
0 2 3 4 7 8 10 28 e
2 3 4 5 7 8 10 12 e
0 3 4 8 9 10 12 17 19 26 28 e
0 2 3 4 5 12 19 29 e
2 3 4 5 8 10 11 12 e
0 2 3 4 5 10 12 e
2 3 4 5 8 10 12 14 19 24 28 29 e
0 3 4 8 9 10 12 13 17 26 28 e
0 2 3 4 7 8 10 21 e
2 3 4 5 8 10 11 14 24 28 29 e
0 3 4 8 9 10 12 13 17 19 26 e
0 2 4 8 10 11 12 14 18 22 28 e
0 3 4 8 9 10 12 13 17 23 26 e
0 2 3 4 5 10 24 29 e
0 2 3 4 8 10 11 28 e
0 1 2 4 6 10 12 e
0 2 3 4 7 8 12 21 28 e
0 2 3 4 7 8 12 19 21 e
2 3 4 5 8 10 11 16 20 24 29 e
0 2 3 4 7 8 9 21 e
0 2 4 8 10 11 12 18 22 27 28 e
0 2 3 4 10 11 12 e
0 3 4 8 9 10 11 12 28 e
2 3 4 7 8 9 10 12 e
0 2 3 4 7 8 12 21 26 e
0 2 3 4 7 10 12 e
0 2 3 4 7 12 19 21 26 e
0 3 4 8 9 10 11 12 26 e
0 2 3 4 7 8 13 17 21 26 e
0 3 4 8 10 11 12 18 22 27 28 e
0 2 4 8 10 11 12 18 19 22 27 e
0 2 3 4 7 9 12 e
2 3 4 5 7 8 10 12 29 e
0 2 3 4 8 10 12 14 19 28 e
2 3 4 5 8 10 11 12 29 e
0 1 2 4 10 11 12 e
0 3 4 8 9 10 11 17 18 26 28 e
2 3 4 5 8 10 11 12 28 e
2 3 4 5 8 10 11 12 19 e
0 2 3 4 10 11 12 19 e
0 2 3 4 10 11 12 18 e
0 2 3 4 7 10 12 21 e
