100
2 5 6 19 e
0 2 6 19 e
2 10 15 19 e
2 5 17 19 e
0 2 17 19 e
2 10 12 19 e
5 14 17 19 e
5 17 18 19 e
2 5 6 17 e
2 6 15 19 e
2 6 12 19 e
3 13 17 19 e
0 2 6 17 e
6 12 14 19 e
3 13 15 17 e
3 5 17 19 e
1 2 12 19 e
1 2 15 19 e
3 6 12 19 e
3 5 6 17 e
5 6 9 17 e
3 6 15 19 e
2 13 17 19 e
2 13 15 17 e
12 17 18 19 e
6 12 18 19 e
2 12 13 17 e
2 10 12 17 e
6 14 15 19 e
12 13 17 19 e
5 6 14 17 e
5 9 11 17 e
2 15 17 19 e
3 12 13 17 e
1 2 5 17 e
0 3 6 17 e
2 10 15 17 e
3 5 11 19 e
1 12 18 19 e
2 12 17 19 e
3 5 11 17 e
0 1 2 17 e
0 6 14 17 e
1 14 15 19 e
1 12 14 19 e
6 15 18 19 e
6 12 13 19 e
12 14 17 19 e
2 5 11 19 e
9 12 13 17 e
12 13 14 17 e
15 17 18 19 e
14 15 17 19 e
10 12 17 18 e
3 10 12 17 e
13 14 15 17 e
2 6 12 17 e
10 12 14 17 e
2 3 5 17 e
1 3 5 17 e
1 2 3 19 e
6 12 14 17 e
2 5 11 17 e
2 6 15 17 e
2 12 13 19 e
0 3 11 17 e
2 5 8 17 e
1 12 13 19 e
1 5 14 17 e
13 15 17 19 e
10 14 15 17 e
5 6 8 19 e
3 6 15 17 e
1 2 12 17 e
6 9 12 17 e
0 6 17 18 e
10 11 12 19 e
1 2 15 17 e
3 6 12 17 e
6 14 15 17 e
6 12 17 18 e
0 2 11 19 e
5 6 17 18 e
0 2 11 17 e
3 15 17 18 e
0 11 17 19 e
10 15 17 18 e
10 12 13 17 e
3 5 8 17 e
1 12 14 17 e
3 12 17 18 e
8 9 17 19 e
5 11 17 19 e
9 11 15 17 e
3 5 10 13 19 e
1 3 12 17 e
5 8 17 19 e
3 11 15 17 e
1 14 15 17 e
2 11 12 17 e
