100
0 2 3 6 11 13 16 e
0 2 6 7 13 14 19 e
0 2 6 7 13 18 19 e
0 2 6 7 11 13 19 e
0 2 3 6 13 16 19 e
0 2 3 6 13 18 19 e
0 2 6 7 13 16 19 e
0 2 3 6 13 14 19 e
0 2 6 7 10 13 19 e
0 2 6 7 11 13 16 e
0 2 3 6 10 16 19 e
0 2 3 6 11 16 19 e
0 2 3 6 8 11 13 e
0 2 3 6 13 14 16 e
0 2 3 6 8 11 16 e
0 2 3 7 13 16 19 e
0 2 6 7 11 13 14 e
0 2 6 7 13 14 16 e
0 2 3 6 11 13 19 e
0 2 3 6 8 11 19 e
0 2 6 7 10 11 13 e
0 2 3 6 11 14 19 e
0 2 3 6 8 13 16 e
0 2 6 7 8 11 13 e
0 2 3 6 16 18 19 e
0 2 3 6 14 16 19 e
0 2 3 7 13 18 19 e
0 2 6 7 10 13 16 e
0 2 6 7 9 13 19 e
0 2 3 7 12 18 19 e
0 2 3 6 7 e
0 2 3 7 11 13 16 e
0 2 6 7 11 16 19 e
0 2 3 7 16 18 19 e
0 2 3 7 8 11 13 e
0 2 6 7 16 18 19 e
0 2 3 6 10 11 16 e
0 2 3 7 9 13 19 e
2 3 4 6 7 8 11 13 16 19 e
0 2 6 7 9 13 14 e
0 2 6 7 10 13 14 e
0 2 3 7 8 13 16 e
0 2 6 7 9 13 16 e
0 2 6 7 9 11 13 e
0 2 6 7 11 14 19 e
0 2 6 7 13 15 19 e
0 2 6 7 14 18 19 e
0 2 6 7 12 18 19 e
0 2 6 7 11 13 15 e
0 2 3 7 9 18 19 e
0 2 6 7 13 14 15 e
0 2 6 7 8 11 19 e
2 3 4 6 7 8 11 14 16 19 e
0 2 6 7 9 11 19 e
0 2 6 7 9 10 13 e
0 2 6 7 9 18 19 e
0 2 6 7 14 16 19 e
0 2 6 7 11 14 16 e
0 2 6 7 8 10 11 e
0 2 6 7 10 16 19 e
0 2 6 7 10 11 14 e
0 2 3 6 10 14 16 e
0 2 3 7 13 15 19 e
0 2 4 7 11 13 19 e
0 2 6 7 8 11 14 e
0 2 6 7 13 15 16 e
0 2 6 7 9 14 19 e
0 2 6 7 8 11 16 e
0 2 6 7 9 11 16 e
0 2 6 7 10 13 18 19 e
0 2 6 7 11 13 18 19 e
0 2 6 7 11 13 14 19 e
0 2 6 7 10 14 16 e
0 2 4 7 13 16 19 e
0 2 6 7 13 16 18 19 e
0 2 6 7 9 11 14 e
0 2 6 7 13 14 16 19 e
0 2 6 7 10 13 15 e
0 2 6 7 15 16 19 e
0 2 3 5 6 e
0 2 4 7 11 13 16 e
0 2 6 7 9 10 14 e
0 2 6 7 8 11 13 19 e
0 2 4 7 10 11 13 e
0 2 6 7 15 18 19 e
0 2 6 7 14 15 19 e
0 2 6 7 9 11 13 19 e
0 2 4 7 8 11 13 e
0 2 6 7 8 11 13 14 e
0 2 4 7 13 14 19 e
0 2 6 7 11 14 15 e
0 2 3 6 7 19 e
0 2 6 7 10 11 13 14 e
0 2 6 7 11 14 18 19 e
0 2 6 7 11 13 15 19 e
0 2 6 7 13 15 17 e
0 2 4 6 7 e
0 2 3 7 15 17 19 e
0 2 6 7 11 13 14 15 e
2 3 4 6 7 11 13 14 18 19 e
