100
3 4 7 11 e
0 4 7 15 e
1 4 7 15 e
0 7 9 15 e
1 7 9 15 e
3 7 9 11 e
1 7 9 11 e
0 3 4 7 e
0 4 7 11 e
0 7 9 11 e
0 7 9 12 e
0 1 4 7 e
0 3 7 9 e
0 4 7 12 e
1 4 6 7 e
3 7 11 13 e
1 7 13 15 e
4 7 14 15 e
7 9 14 15 e
0 7 13 15 e
1 3 4 7 e
0 4 6 7 e
1 6 7 9 e
0 6 7 9 e
0 1 7 9 e
4 5 7 15 e
1 9 11 14 e
5 7 9 15 e
3 4 5 7 e
4 7 11 15 e
3 5 7 9 e
0 7 12 13 e
3 4 7 14 e
0 3 7 13 e
3 4 7 17 e
0 7 11 13 e
3 4 7 12 e
3 7 9 14 e
3 7 9 17 e
0 1 7 13 e
2 4 7 15 e
7 9 11 15 e
3 7 9 12 e
4 6 7 14 e
2 7 9 15 e
4 7 11 14 e
1 4 9 15 e
7 13 14 15 e
3 4 7 15 e
0 4 9 15 e
4 7 15 17 e
7 9 11 14 e
0 9 13 15 e
6 7 9 14 e
7 9 15 17 e
3 9 11 13 e
1 9 13 15 e
0 7 15 19 e
1 9 12 14 e
3 7 9 15 e
3 4 9 11 e
3 4 6 7 e
7 11 13 14 e
5 7 13 15 e
0 6 7 13 e
7 11 13 15 e
3 7 12 13 e
3 5 7 13 e
3 7 13 14 e
1 9 14 15 e
3 6 7 9 e
1 7 11 14 e
0 1 9 11 e
0 3 4 9 e
0 3 7 19 e
3 9 11 14 e
0 9 15 19 e
0 9 11 13 e
3 7 13 17 e
0 2 7 9 e
0 4 9 12 e
0 2 4 7 e
4 9 14 15 e
0 3 9 13 e
0 4 15 19 e
0 1 9 15 e
7 14 15 19 e
0 1 9 12 e
0 3 9 19 e
2 7 13 15 e
6 7 13 14 e
9 13 14 15 e
7 13 15 17 e
1 6 9 14 e
8 9 11 14 e
0 4 6 9 e
0 6 7 19 e
0 3 4 19 e
0 6 9 13 e
3 6 7 13 e
