100
0 1 3 4 5 6 8 9 10 11 12 13 15 16 17 19 20 23 25 27 28 29 e
0 1 3 5 6 8 9 11 12 13 15 16 17 19 20 23 25 27 28 29 e
0 1 3 4 5 6 7 8 9 10 11 12 13 15 16 17 19 20 23 25 26 27 28 29 e
0 1 3 4 5 6 7 9 10 11 12 13 15 16 17 19 20 23 24 25 27 28 29 e
0 1 3 4 5 6 8 9 10 11 12 13 15 16 17 19 20 23 25 26 27 28 29 e
0 1 2 3 4 5 6 9 10 11 12 13 15 16 17 19 20 23 24 25 27 28 29 e
0 1 3 4 5 6 8 9 10 11 12 13 14 15 16 17 18 19 20 22 23 25 26 27 28 29 e
0 1 3 4 5 6 9 10 11 12 13 14 15 16 17 19 20 23 25 27 28 29 e
0 1 3 4 5 6 8 9 10 11 12 13 14 15 16 17 18 19 20 23 25 27 28 29 e
0 1 3 4 5 6 8 9 11 12 13 15 16 17 19 20 23 25 27 28 29 e
0 1 3 4 5 6 9 10 11 12 13 15 16 17 19 20 23 25 27 28 29 e
0 1 3 5 6 8 9 11 12 13 14 15 16 17 18 19 20 23 25 26 27 28 29 e
0 1 3 4 5 6 7 8 9 10 11 12 13 14 15 16 17 18 19 20 23 25 26 27 28 29 e
0 1 3 4 5 6 8 9 10 11 12 13 14 15 16 17 19 20 23 25 27 28 29 e
0 1 3 4 5 6 8 9 11 12 13 14 15 16 17 19 20 23 25 26 27 28 29 e
0 1 3 4 5 6 9 11 12 13 15 16 17 19 20 23 24 25 27 28 29 e
0 1 3 4 5 6 9 10 11 12 13 15 16 17 19 20 23 24 25 27 28 29 e
0 1 3 5 6 8 9 11 12 13 14 15 16 17 19 20 23 25 26 27 28 29 e
0 1 3 4 5 6 7 9 10 11 12 13 15 16 17 19 20 23 25 27 28 29 e
0 1 3 5 6 8 9 10 11 12 13 15 16 17 19 20 23 25 26 27 28 29 e
0 1 2 3 4 5 6 9 10 11 12 13 14 15 16 17 19 20 23 24 25 27 28 29 e
0 1 3 4 5 6 9 11 12 13 14 15 16 17 19 20 23 25 27 28 29 e
0 1 3 5 6 7 8 9 10 11 12 13 15 16 17 19 20 23 25 26 27 28 29 e
0 1 3 5 6 8 9 11 12 13 14 15 16 17 18 19 20 23 25 27 28 29 e
0 1 3 4 5 6 9 10 11 12 13 14 15 16 17 19 20 23 25 26 27 28 29 e
0 1 3 4 5 6 7 9 10 11 12 13 14 15 16 17 19 20 23 25 27 28 29 e
0 1 3 4 5 6 8 9 11 12 13 14 15 16 17 18 19 20 23 25 26 27 28 29 e
0 1 3 4 5 6 7 9 10 11 12 13 14 15 16 17 19 20 23 25 26 27 28 29 e
0 1 3 4 5 6 8 9 11 12 13 15 16 17 19 20 23 25 26 27 28 29 e
0 1 3 5 6 8 9 10 11 12 13 14 15 16 17 18 19 20 23 25 26 27 28 29 e
0 1 3 4 5 6 9 11 12 13 14 15 16 17 19 20 23 24 25 27 28 29 e
0 1 3 5 6 9 10 11 12 13 14 15 16 17 19 20 23 24 25 26 27 28 29 e
0 1 3 5 6 7 8 9 10 11 12 13 14 15 16 17 18 19 20 23 25 27 28 29 e
0 1 3 4 5 6 7 8 9 10 11 12 13 14 15 16 17 18 19 20 23 25 27 28 29 e
0 1 3 5 6 8 9 10 11 12 13 14 15 16 17 19 20 23 25 27 28 29 e
0 1 3 4 5 6 7 8 9 10 11 12 13 14 15 16 17 19 20 23 25 26 27 28 29 e
0 1 3 5 6 9 11 12 13 14 15 16 17 19 20 23 25 27 28 29 e
0 1 3 5 6 8 9 11 12 13 14 15 16 17 18 19 20 22 23 25 27 28 29 e
0 1 3 4 5 6 9 11 12 13 15 16 17 19 20 21 23 25 27 28 29 e
0 1 3 4 5 6 7 8 9 10 11 12 13 15 16 17 19 20 23 25 27 28 29 e
0 1 3 4 5 6 8 9 11 12 13 14 15 16 17 19 20 23 25 27 28 29 e
0 1 2 3 4 5 6 9 11 12 13 14 15 16 17 19 20 23 24 25 27 28 29 e
0 1 3 5 6 8 9 10 11 12 13 14 15 16 17 18 19 20 22 23 25 26 27 28 29 e
0 1 3 4 5 6 7 8 9 10 11 12 13 14 15 16 17 18 19 20 22 23 25 27 28 29 e
0 1 3 5 6 7 9 10 11 12 13 14 15 16 17 19 20 23 25 27 28 29 e
0 1 3 5 6 7 9 10 11 12 13 15 16 17 19 20 23 25 27 28 29 e
0 1 3 4 5 6 8 9 11 12 13 14 15 16 17 18 19 20 23 25 27 28 29 e
0 1 3 4 5 6 8 9 10 11 12 13 14 15 16 17 18 19 20 23 25 26 27 28 29 e
0 1 3 4 5 6 8 9 10 11 12 13 14 15 16 17 19 20 23 25 26 27 28 29 e
0 1 3 4 5 6 8 9 11 12 13 14 15 16 17 18 19 20 22 23 25 27 28 29 e
0 1 3 4 5 6 9 10 11 12 13 14 15 16 17 19 20 23 24 25 27 28 29 e
0 1 2 3 5 6 9 11 12 13 15 16 17 19 20 23 24 25 27 28 29 e
0 1 3 4 5 6 7 8 9 10 11 12 13 14 15 16 17 19 20 23 25 27 28 29 e
0 1 3 4 5 6 8 9 10 11 12 13 14 15 16 17 18 19 20 22 23 25 27 28 29 e
0 1 3 4 5 6 7 9 10 11 12 13 15 16 17 19 20 23 25 26 27 28 29 e
0 1 2 3 4 5 6 9 11 12 13 15 16 17 19 20 23 24 25 27 28 29 e
0 1 3 4 5 6 9 11 12 13 15 16 17 19 20 23 25 26 27 28 29 e
0 1 3 5 6 9 10 11 12 13 14 15 16 17 19 20 23 25 27 28 29 e
0 1 3 4 5 6 9 11 12 13 15 16 17 19 20 23 25 27 28 29 e
0 1 2 3 5 6 9 11 12 13 15 16 17 19 20 23 24 25 26 27 28 29 e
0 1 3 4 5 6 9 11 12 13 14 15 16 17 19 20 23 25 26 27 28 29 e
0 1 3 5 6 8 9 10 11 12 13 14 15 16 17 18 19 20 23 25 27 28 29 e
0 1 3 4 5 6 9 10 11 12 13 15 16 17 19 20 23 25 26 27 28 29 e
0 1 3 5 6 9 11 12 13 14 15 16 17 19 20 23 25 26 27 28 29 e
0 1 3 5 6 8 9 11 12 13 15 16 17 19 20 23 25 26 27 28 29 e
0 1 3 5 6 7 8 9 10 11 12 13 14 15 16 17 18 19 20 23 25 26 27 28 29 e
0 1 3 5 6 7 8 9 10 11 12 13 15 16 17 19 20 23 25 27 28 29 e
0 1 3 5 6 8 9 11 12 13 14 15 16 17 19 20 23 25 27 28 29 e
0 1 3 4 5 6 9 11 12 13 14 15 16 17 19 20 21 23 25 27 28 29 e
0 1 3 4 5 6 8 9 11 12 13 14 15 16 17 18 19 20 22 23 25 26 27 28 29 e
0 1 3 5 6 9 11 12 13 14 15 16 17 19 20 23 24 25 26 27 28 29 e
0 1 2 3 5 6 9 11 12 13 14 15 16 17 19 20 23 24 25 27 28 29 e
0 1 3 5 6 8 9 10 11 12 13 14 15 16 17 19 20 23 25 26 27 28 29 e
0 1 3 5 6 7 8 9 10 11 12 13 14 15 16 17 19 20 23 25 27 28 29 e
0 1 3 5 6 9 11 12 13 14 15 16 17 19 20 23 24 25 27 28 29 e
0 1 3 5 6 9 11 12 13 15 16 17 19 20 23 24 25 26 27 28 29 e
0 1 2 3 5 6 7 9 10 11 12 13 15 16 17 19 20 23 24 25 26 27 28 29 e
0 1 3 5 6 7 9 10 11 12 13 15 16 17 19 20 23 25 26 27 28 29 e
0 1 3 5 6 9 11 12 13 15 16 17 19 20 23 25 26 27 28 29 e
0 1 3 5 6 7 9 10 11 12 13 14 15 16 17 19 20 23 25 26 27 28 29 e
0 1 3 5 6 8 9 10 11 12 13 14 15 16 17 18 19 20 22 23 25 27 28 29 e
0 1 3 5 6 8 9 11 12 13 14 15 16 17 18 19 20 22 23 25 26 27 28 29 e
0 1 3 5 6 9 11 12 13 15 16 17 19 20 23 24 25 27 28 29 e
0 1 3 5 6 9 10 11 12 13 15 16 17 19 20 23 24 25 26 27 28 29 e
0 1 3 5 6 8 9 10 11 12 13 15 16 17 19 20 23 25 27 28 29 e
0 1 3 5 6 9 10 11 12 13 14 15 16 17 19 20 23 24 25 27 28 29 e
0 1 3 5 6 7 8 9 10 11 12 13 14 15 16 17 19 20 23 25 26 27 28 29 e
0 1 3 4 5 6 9 10 11 12 13 15 16 17 19 20 21 23 25 27 28 29 e
0 1 3 5 6 9 11 12 13 15 16 17 19 20 23 25 27 28 29 e
0 1 3 5 6 7 9 10 11 12 13 15 16 17 19 20 23 24 25 26 27 28 29 e
0 1 3 5 6 9 10 11 12 13 15 16 17 19 20 23 24 25 27 28 29 e
0 1 2 3 5 6 9 10 11 12 13 15 16 17 19 20 23 24 25 26 27 28 29 e
0 1 3 5 6 7 8 9 10 11 12 13 14 15 16 17 18 19 20 22 23 25 26 27 28 29 e
0 1 3 5 6 9 10 11 12 13 15 16 17 19 20 23 25 26 27 28 29 e
0 1 2 3 5 6 9 10 11 12 13 14 15 16 17 19 20 23 24 25 26 27 28 29 e
0 1 2 3 5 6 9 11 12 13 14 15 16 17 19 20 23 24 25 26 27 28 29 e
0 1 3 5 6 7 9 10 11 12 13 14 15 16 17 19 20 23 24 25 26 27 28 29 e
0 1 3 5 6 9 10 11 12 13 15 16 17 19 20 23 25 27 28 29 e
0 1 3 5 6 9 10 11 12 13 14 15 16 17 19 20 23 25 26 27 28 29 e
0 1 3 5 6 7 8 9 10 11 12 13 14 15 16 17 18 19 20 22 23 25 27 28 29 e
