100
1 2 3 5 9 10 11 14 16 18 20 22 26 28 29 e
0 1 2 3 9 10 11 14 16 18 20 22 26 28 29 e
1 2 4 5 9 10 11 14 16 18 20 22 26 28 29 e
0 1 2 3 5 9 10 11 14 16 18 20 22 28 29 e
1 2 5 9 10 11 14 16 18 20 22 26 27 28 29 e
1 2 5 9 10 11 13 14 16 18 20 22 26 28 29 e
0 1 2 3 5 9 10 14 16 18 20 22 26 28 29 e
0 1 2 3 5 9 10 11 14 18 20 22 26 28 29 e
1 2 3 5 9 10 14 16 18 19 20 22 26 28 29 e
1 2 4 5 9 10 11 14 15 16 18 20 22 28 29 e
0 1 2 3 9 10 13 14 16 18 20 22 26 28 29 e
1 2 3 5 9 10 13 14 16 18 20 22 26 28 29 e
2 5 6 9 10 11 14 16 18 20 22 26 27 28 29 e
1 2 3 5 9 10 14 16 18 20 22 26 27 28 29 e
0 1 2 3 5 9 10 11 14 16 18 20 26 28 29 e
0 1 2 3 6 9 10 11 14 16 18 20 26 28 29 e
0 1 2 3 4 9 10 11 14 18 20 22 26 28 29 e
0 1 2 3 5 9 10 14 16 18 19 20 22 28 29 e
1 2 4 5 9 11 14 15 16 18 20 22 26 28 29 e
0 1 2 3 5 9 11 14 16 18 20 22 26 28 29 e
1 2 5 9 10 11 14 15 16 18 20 22 26 28 29 e
0 1 2 3 9 10 14 16 18 19 20 22 26 28 29 e
1 2 4 9 10 11 13 14 16 18 20 22 26 28 29 e
1 2 3 5 9 10 11 14 15 16 18 20 22 28 29 e
1 2 5 6 9 10 14 16 18 20 22 26 27 28 29 e
1 2 3 5 9 10 11 14 15 18 20 22 26 28 29 e
0 1 2 3 4 9 10 11 14 16 18 20 22 28 29 e
1 2 4 9 10 11 14 16 18 20 22 23 26 28 29 e
1 2 3 4 5 9 10 11 14 16 18 20 22 28 29 e
0 1 2 3 4 9 11 14 16 18 20 22 26 28 29 e
0 1 2 3 5 9 10 14 16 18 19 20 22 26 28 e
0 1 2 3 9 10 11 14 16 18 20 21 26 28 29 e
1 2 5 9 11 13 14 15 16 18 20 22 26 28 29 e
0 1 2 3 9 11 13 14 16 18 20 22 26 28 29 e
0 1 2 3 5 9 11 14 16 18 19 20 22 28 29 e
0 1 2 3 5 9 14 16 18 19 20 22 26 28 29 e
0 1 2 3 9 10 11 14 15 16 18 20 22 28 29 e
0 1 3 5 9 10 11 14 16 18 20 22 26 28 29 e
0 1 2 3 6 9 10 11 14 15 16 18 20 28 29 e
1 2 6 9 10 11 14 15 16 18 20 21 26 28 29 e
0 1 2 3 9 10 11 13 14 16 18 20 26 28 29 e
0 1 2 3 9 10 11 13 14 18 20 22 26 28 29 e
0 1 2 3 6 9 10 11 14 15 18 20 26 28 29 e
0 1 2 3 4 9 10 11 14 16 18 20 26 28 29 e
1 2 3 4 9 10 11 13 14 18 20 22 26 28 29 e
1 2 3 4 5 9 10 11 14 16 18 20 26 28 29 e
1 2 4 6 9 10 11 14 15 16 18 20 26 28 29 e
0 1 2 3 5 9 11 14 15 16 18 20 22 28 29 e
0 1 2 3 4 5 9 10 11 14 18 20 22 28 29 e
1 2 3 5 9 10 11 13 14 16 18 20 26 28 29 e
1 2 3 6 9 10 11 14 15 16 18 20 26 28 29 e
0 1 2 3 5 9 10 11 14 15 16 20 22 28 29 e
1 2 6 9 10 11 14 15 16 18 20 25 26 28 29 e
0 1 2 3 5 9 10 11 14 15 20 22 26 28 29 e
0 1 2 3 9 10 11 13 14 16 20 22 26 28 29 e
0 1 2 3 6 9 11 14 15 16 18 20 26 28 29 e
1 2 3 5 9 10 14 16 18 19 20 22 24 26 28 e
1 2 6 9 10 14 15 16 18 20 21 25 26 28 29 e
1 2 3 6 9 10 11 14 16 18 20 21 26 28 29 e
0 1 3 5 9 10 13 14 16 18 20 22 26 28 29 e
1 2 6 9 10 11 14 16 18 20 21 25 26 28 29 e
1 2 4 9 11 13 14 15 16 18 20 22 26 28 29 e
0 1 2 3 9 10 11 14 15 18 20 21 26 28 29 e
1 2 3 4 5 9 11 14 15 16 18 20 22 28 29 e
0 1 2 3 5 9 14 16 18 19 20 22 24 26 28 e
1 3 5 9 10 11 14 15 16 18 20 22 26 28 29 e
0 1 2 3 5 9 13 14 16 18 20 22 26 28 29 e
0 1 2 3 9 11 14 15 16 18 20 21 26 28 29 e
1 5 9 10 11 13 14 15 16 18 20 22 26 28 29 e
1 2 3 5 9 10 11 14 15 16 20 22 26 28 29 e
1 2 3 4 6 9 10 11 14 16 18 20 26 28 29 e
0 1 2 3 5 10 11 13 14 18 20 22 26 28 29 e
1 2 3 6 9 10 11 14 16 18 20 25 26 28 29 e
0 1 2 3 4 9 11 14 15 16 18 20 22 28 29 e
1 2 6 9 11 13 14 15 16 18 20 21 26 28 29 e
0 1 3 5 9 10 14 15 16 18 20 22 26 28 29 e
0 1 3 5 9 10 11 14 15 16 18 20 22 28 29 e
1 2 3 6 9 10 13 14 16 18 20 21 26 28 29 e
0 1 2 4 10 11 12 14 15 16 18 20 26 28 29 e
1 2 4 5 9 11 14 15 16 18 20 22 23 28 29 e
1 2 3 4 9 10 11 14 15 16 18 20 26 28 29 e
0 1 3 5 9 10 11 14 15 18 20 22 26 28 29 e
0 1 2 3 5 9 11 13 14 18 20 22 26 28 29 e
0 1 2 3 4 9 11 14 15 16 18 20 26 28 29 e
0 1 2 3 6 9 11 12 14 16 18 20 26 28 29 e
1 2 3 6 9 10 14 15 16 18 20 25 26 28 29 e
0 1 2 3 6 9 10 12 14 15 16 18 20 28 29 e
0 1 3 5 9 11 14 15 16 18 20 22 26 28 29 e
0 1 2 3 4 10 11 13 14 18 20 22 26 28 29 e
1 2 3 6 9 11 14 15 16 18 20 25 26 28 29 e
0 1 2 3 10 11 12 13 14 16 18 20 26 28 29 e
0 1 3 5 9 10 11 13 14 18 20 22 26 28 29 e
0 1 2 3 5 9 10 11 14 16 20 22 26 28 29 e
1 2 3 4 9 10 11 14 16 18 20 22 26 28 29 e
1 2 3 5 9 10 11 13 14 18 20 22 26 28 29 e
1 2 3 4 5 9 10 11 14 18 20 22 26 28 29 e
1 2 3 5 9 11 13 14 16 18 20 22 26 28 29 e
1 2 4 5 9 10 11 14 15 18 20 22 26 28 29 e
0 1 2 3 4 6 9 10 11 14 16 18 20 28 29 e
1 2 3 6 9 10 11 14 15 18 20 21 26 28 29 e
