100
0 2 3 4 7 15 19 e
0 2 3 7 9 15 19 e
0 2 3 7 9 15 20 e
0 2 3 7 9 10 15 e
0 2 3 6 7 15 19 e
0 2 3 7 9 15 21 e
0 2 3 6 7 10 15 e
0 2 3 4 7 15 20 e
0 2 3 7 9 10 20 e
0 2 3 4 7 13 15 e
0 2 3 7 9 13 15 e
0 2 3 7 9 10 15 19 e
0 2 3 6 7 10 15 19 e
0 2 3 4 7 15 19 20 e
0 2 3 7 9 15 19 20 e
0 2 3 6 7 10 15 20 e
0 3 6 7 8 9 10 15 19 e
0 2 3 4 7 15 16 e
0 2 3 6 9 15 19 e
0 2 3 4 7 15 16 19 e
0 2 3 6 7 15 20 e
0 2 3 4 7 13 15 19 e
0 2 3 6 7 15 19 20 e
0 3 6 7 8 9 10 15 20 e
0 2 3 6 7 13 15 e
0 2 3 4 9 15 19 e
0 2 3 7 9 10 13 e
0 2 3 7 9 10 15 20 e
0 2 3 6 7 10 15 19 20 e
0 2 3 4 7 16 20 e
0 2 3 7 9 13 15 20 e
0 2 3 4 7 18 20 e
0 2 3 6 7 10 13 15 e
0 2 3 6 9 10 15 e
0 2 3 4 7 13 20 e
0 2 3 6 7 10 20 e
0 2 3 7 9 13 15 19 e
0 2 3 6 8 10 15 e
0 2 3 7 9 18 20 e
0 2 3 7 9 13 20 e
0 2 3 6 7 10 15 19 22 e
0 2 3 7 9 10 13 15 e
0 2 3 4 7 15 18 20 e
0 2 3 7 9 15 18 20 e
0 2 3 4 7 13 15 20 e
0 2 3 4 6 15 20 e
0 3 6 7 8 9 10 15 19 20 e
0 2 3 7 9 10 15 19 20 e
0 2 3 6 8 10 15 19 e
0 2 3 4 7 13 16 e
0 2 3 4 7 15 16 20 e
0 2 3 4 9 15 21 e
0 2 3 7 9 10 15 19 22 e
0 2 3 4 9 10 21 e
0 2 3 4 7 9 e
0 2 3 6 7 9 e
0 2 3 4 7 13 15 16 e
0 2 3 6 9 15 21 e
0 2 3 4 7 15 18 19 20 e
0 2 3 4 9 13 15 e
0 2 3 4 9 15 19 21 e
0 2 3 7 9 15 18 19 20 e
0 2 3 4 9 10 15 e
0 2 3 4 9 20 21 e
0 2 3 6 7 13 15 20 e
0 2 3 4 9 10 20 e
0 2 3 7 9 10 13 20 e
0 2 3 4 9 15 20 e
0 2 3 4 9 15 16 e
0 2 3 4 7 15 16 17 e
0 2 3 4 7 15 16 19 20 e
0 2 3 6 7 9 15 e
0 2 3 7 9 10 18 20 e
0 2 3 4 7 13 15 19 20 e
0 2 3 4 9 10 13 e
0 2 3 7 9 10 13 15 20 e
0 2 3 4 7 9 15 e
0 2 3 7 9 10 15 18 20 e
0 2 3 6 7 18 20 e
0 2 3 4 7 16 18 20 e
0 2 3 4 9 10 15 19 e
0 2 3 6 7 15 18 20 e
0 2 3 4 9 10 15 20 e
0 2 3 6 7 10 18 20 e
0 2 3 7 9 10 15 19 20 22 e
0 2 3 6 8 10 13 e
0 2 3 4 9 10 15 21 e
0 2 3 4 9 15 19 20 e
0 2 3 7 9 10 15 18 19 20 e
0 2 3 4 9 10 13 15 e
0 2 3 4 9 13 18 e
0 2 3 4 7 9 10 e
0 2 3 4 7 13 16 20 e
0 2 3 4 7 9 13 e
0 2 3 6 7 9 10 15 e
0 2 3 4 7 9 10 15 e
0 2 3 4 7 13 16 17 e
0 2 3 4 6 7 15 e
0 2 3 6 7 9 10 15 19 e
0 2 3 4 7 9 21 e
