100
0 11 14 e
7 11 14 e
3 11 14 e
0 4 14 e
0 7 14 e
11 13 14 e
0 2 14 e
0 3 14 e
4 7 14 e
0 1 14 e
1 7 14 e
0 13 14 e
3 4 14 e
2 7 14 e
1 11 14 e
1 3 14 e
8 11 14 e
0 5 11 e
1 13 14 e
2 3 14 e
10 11 14 e
9 11 14 e
4 13 14 e
4 11 14 e
5 7 11 e
3 7 14 e
0 8 14 e
0 9 14 e
11 12 14 e
2 13 14 e
0 10 14 e
3 5 11 e
1 10 14 e
1 8 14 e
1 9 14 e
0 5 7 e
1 2 14 e
0 12 14 e
1 4 14 e
4 8 14 e
0 4 5 e
4 10 14 e
3 13 14 e
4 5 7 e
0 1 5 e
4 9 14 e
0 7 11 14 e
5 11 13 e
1 12 14 e
0 3 5 e
0 6 14 e
1 5 7 e
0 6 11 14 e
1 7 11 e
0 3 11 14 e
2 9 14 e
3 8 14 e
0 2 5 e
6 7 11 14 e
0 1 11 e
2 8 14 e
0 11 13 14 e
4 12 14 e
3 4 5 e
0 4 7 e
0 5 13 e
1 5 11 e
3 7 11 14 e
2 10 14 e
4 7 11 e
0 4 11 e
2 11 14 e
6 7 11 e
2 5 7 e
0 1 7 e
1 3 5 e
5 11 14 e
1 6 14 e
0 4 11 14 e
4 7 11 14 e
0 5 14 e
2 4 14 e
0 11 12 14 e
1 5 13 e
4 5 13 e
0 4 7 14 e
0 8 11 14 e
3 6 11 14 e
0 10 11 14 e
0 6 7 14 e
1 3 11 e
1 11 13 e
5 8 11 e
3 11 13 14 e
0 3 7 14 e
0 1 11 14 e
1 7 11 14 e
6 11 13 14 e
0 4 6 14 e
7 10 11 14 e
