100
11 15 16 17 e
10 11 17 18 e
10 11 16 17 e
6 10 17 18 e
11 15 16 18 e
4 10 11 17 e
10 15 16 17 e
4 11 15 18 e
8 10 16 17 e
11 16 17 18 e
4 6 10 17 e
3 11 16 17 e
0 10 16 17 e
14 15 16 17 e
6 10 16 17 e
10 16 17 18 e
7 10 17 18 e
6 15 16 17 e
9 10 16 17 e
0 10 17 19 e
10 15 16 18 e
11 15 17 19 e
3 11 16 18 e
0 3 11 18 e
3 11 17 18 e
0 11 16 17 e
0 2 10 17 e
2 11 15 17 e
10 11 16 18 e
0 10 11 17 e
7 11 17 18 e
3 4 11 18 e
14 16 17 18 e
3 4 11 17 e
10 14 16 17 e
10 11 17 19 e
10 14 17 18 e
8 10 17 19 e
6 10 17 19 e
7 11 15 17 e
9 11 16 17 e
10 11 15 18 e
0 11 17 19 e
6 10 15 18 e
0 10 11 18 e
7 11 15 18 e
10 11 12 17 e
2 10 11 17 e
2 11 17 18 e
6 15 17 19 e
0 11 15 19 e
3 8 16 17 e
4 10 11 18 e
3 6 16 17 e
2 11 15 18 e
10 13 17 18 e
3 10 16 18 e
4 10 14 17 e
8 15 16 18 e
0 10 15 19 e
9 10 17 19 e
2 6 15 17 e
2 10 17 18 e
3 6 16 18 e
6 10 12 17 e
0 2 11 17 e
7 10 15 18 e
3 4 6 17 e
3 14 16 17 e
3 10 16 17 e
10 13 16 17 e
0 3 6 18 e
2 6 10 17 e
3 8 16 18 e
11 13 17 18 e
3 14 16 18 e
7 14 17 18 e
0 14 17 19 e
2 10 15 17 e
0 3 4 11 e
3 4 10 18 e
6 10 16 18 e
14 15 17 19 e
10 11 15 16 e
10 15 17 19 e
4 11 13 17 e
10 14 16 18 e
2 9 10 17 e
3 4 14 18 e
4 10 11 15 e
2 14 15 17 e
2 10 15 18 e
11 15 18 19 e
3 11 15 16 e
9 10 15 16 e
2 14 17 18 e
0 2 14 17 e
3 8 10 18 e
2 3 11 18 e
0 3 16 17 e
