100
0 3 6 8 10 11 12 14 e
0 3 6 8 10 11 13 14 e
0 3 6 8 9 10 11 14 e
0 2 3 6 8 10 11 14 e
3 6 8 9 10 11 12 14 e
0 3 6 10 11 12 13 14 e
3 6 8 10 11 12 13 14 e
0 3 6 7 8 10 11 14 e
0 3 6 9 10 11 12 14 e
0 3 6 8 10 12 13 14 e
2 3 6 8 10 11 12 14 e
0 3 6 8 9 10 12 14 e
0 2 3 6 10 11 12 14 e
0 3 6 8 10 11 12 13 e
0 2 3 6 8 10 11 12 e
0 2 3 6 10 11 13 14 e
0 3 6 8 9 10 11 12 e
0 2 3 6 8 10 12 14 e
0 2 3 6 9 10 11 14 e
0 6 8 9 10 11 12 14 e
0 2 3 6 8 11 12 14 e
2 3 6 8 10 11 13 14 e
0 3 6 8 11 12 13 14 e
0 3 6 8 9 11 12 14 e
0 3 8 9 10 11 12 14 e
0 2 3 8 9 10 11 14 e
0 2 3 8 10 11 12 14 e
0 2 6 8 10 11 12 14 e
0 2 6 8 9 10 11 14 e
0 6 8 10 11 12 13 14 e
0 3 5 6 8 10 11 14 e
0 3 8 10 11 12 13 14 e
2 3 6 8 9 10 11 14 e
0 2 6 8 10 11 13 14 e
0 2 3 8 10 11 13 14 e
0 3 6 7 9 10 11 14 e
0 6 8 9 10 11 13 14 e
3 6 7 8 10 11 13 14 e
3 6 7 8 9 10 11 14 e
0 3 6 7 8 10 11 12 e
0 3 6 7 10 11 13 14 e
0 2 3 6 8 10 13 14 e
0 3 6 7 8 10 12 14 e
0 2 3 6 7 10 11 14 e
0 3 6 9 10 11 13 14 e
0 2 3 6 8 9 11 14 e
0 2 3 6 8 11 13 14 e
2 3 6 7 8 10 11 14 e
0 2 3 6 8 9 10 11 e
3 6 8 9 10 11 13 14 e
0 2 6 9 10 11 12 14 e
2 6 8 9 10 11 12 14 e
0 2 3 6 8 9 10 14 e
0 2 3 6 8 10 11 13 e
0 2 3 6 9 10 12 14 e
0 3 8 9 10 11 13 14 e
0 3 6 7 8 10 13 14 e
0 3 6 7 8 11 12 14 e
0 2 3 6 10 11 12 13 e
0 2 3 6 9 10 11 12 e
0 3 7 8 9 10 11 14 e
0 3 6 7 10 11 12 14 e
2 3 8 9 10 11 12 14 e
2 3 6 9 10 11 12 14 e
0 3 6 7 8 9 10 14 e
3 6 7 8 10 11 12 14 e
0 3 7 8 10 11 13 14 e
0 3 6 7 8 11 13 14 e
2 6 8 10 11 12 13 14 e
0 2 6 10 11 12 13 14 e
0 2 3 9 10 11 12 14 e
0 6 7 8 9 10 11 14 e
0 2 3 7 8 10 11 14 e
0 2 3 10 11 12 13 14 e
3 5 6 8 10 11 12 14 e
2 3 8 10 11 12 13 14 e
0 6 7 8 10 11 13 14 e
0 3 6 7 8 9 11 14 e
0 3 6 7 8 10 11 13 e
0 2 6 8 10 11 12 13 e
0 2 3 6 9 11 12 14 e
0 6 9 10 11 12 13 14 e
0 3 5 6 10 11 12 14 e
0 3 6 8 9 10 13 14 e
2 3 6 8 9 11 12 14 e
0 3 6 7 8 9 10 11 e
6 8 9 10 11 12 13 14 e
0 3 6 8 9 11 13 14 e
0 2 8 9 10 11 12 14 e
0 3 6 7 9 10 12 14 e
0 6 8 9 10 11 12 13 e
0 3 6 8 9 10 11 13 e
3 6 7 8 9 10 12 14 e
0 3 6 7 10 12 13 14 e
3 8 9 10 11 12 13 14 e
3 6 7 8 10 11 12 13 e
3 6 9 10 11 12 13 14 e
0 3 6 7 9 10 11 12 e
3 6 7 8 9 10 11 12 e
0 6 8 9 11 12 13 14 e
