100
16 18 23 27 28 e
7 16 23 27 28 e
2 18 23 28 29 e
7 12 23 27 28 e
12 18 23 27 28 e
2 7 12 20 28 e
7 16 20 23 28 e
7 12 20 23 28 e
12 18 19 27 28 e
16 18 19 27 28 e
2 16 20 23 28 e
12 18 20 23 28 e
8 18 19 28 29 e
2 16 18 23 28 e
2 20 23 28 29 e
2 12 18 20 28 e
16 18 20 23 28 e
2 18 19 28 29 e
3 18 23 27 28 e
2 16 23 28 29 e
7 8 12 20 28 e
8 16 18 23 28 e
0 9 12 18 20 e
12 23 27 28 29 e
3 7 23 27 28 e
8 18 23 28 29 e
2 17 23 28 29 e
16 23 27 28 29 e
2 12 18 23 28 e
2 16 18 20 28 e
7 8 16 20 28 e
12 19 27 28 29 e
8 18 20 23 28 e
18 23 27 28 29 e
7 8 16 23 28 e
8 16 18 27 28 e
3 18 19 27 28 e
12 18 23 28 29 e
8 12 18 20 28 e
8 16 19 28 29 e
7 8 12 27 28 e
2 12 18 28 29 e
8 19 20 28 29 e
7 12 19 27 28 e
2 16 19 28 29 e
7 16 23 28 29 e
19 23 27 28 29 e
8 18 19 27 28 e
0 18 23 27 28 e
8 16 19 20 28 e
3 18 20 23 28 e
3 7 20 23 28 e
12 20 23 28 29 e
8 12 18 27 28 e
0 9 12 18 29 e
2 12 19 28 29 e
8 9 16 18 20 e
8 16 23 28 29 e
17 23 27 28 29 e
0 2 9 12 18 e
16 19 27 28 29 e
12 19 20 28 29 e
2 7 16 28 29 e
2 12 20 28 29 e
8 12 18 28 29 e
16 17 23 27 28 e
8 16 18 20 28 e
0 23 27 28 29 e
0 9 16 18 29 e
0 9 16 20 29 e
2 12 23 28 29 e
8 20 23 28 29 e
2 12 16 18 28 e
7 8 16 28 29 e
8 9 12 18 29 e
2 7 16 23 28 e
7 8 16 19 29 e
8 12 18 23 28 e
0 20 23 28 29 e
3 8 18 27 28 e
12 16 18 23 28 e
8 12 19 28 29 e
12 16 18 27 28 e
8 20 23 25 28 e
16 20 23 28 29 e
7 8 23 27 28 e
7 12 16 27 28 e
0 9 12 20 29 e
2 17 27 28 29 e
3 7 8 27 28 e
12 16 23 27 28 e
12 16 20 23 28 e
2 16 17 27 28 e
7 12 16 20 28 e
8 12 20 28 29 e
12 16 19 27 28 e
2 9 12 16 18 e
8 16 18 28 29 e
0 2 9 12 29 e
2 7 16 20 23 28 e
