100
1 3 14 21 e
1 3 14 23 e
7 11 18 21 e
3 7 11 23 e
1 14 18 21 e
7 11 18 23 e
3 14 20 23 e
3 7 11 18 e
14 18 20 21 e
3 14 18 20 e
3 14 20 21 e
1 3 14 18 e
1 3 11 23 e
1 3 21 24 e
14 18 20 23 e
1 14 18 23 e
11 18 20 21 e
3 7 11 21 e
14 18 21 24 e
1 3 14 24 e
1 11 18 21 e
3 14 18 24 e
1 3 11 21 e
11 18 20 23 e
3 11 20 23 e
3 11 18 20 e
1 11 18 23 e
3 7 11 14 e
3 11 20 21 e
1 14 21 23 e
1 3 11 18 e
3 7 21 23 e
7 18 21 23 e
1 3 11 24 e
1 18 21 24 e
1 3 11 14 e
1 3 14 20 e
14 18 23 24 e
11 18 21 24 e
0 1 14 21 e
3 9 11 20 e
3 14 23 24 e
2 3 7 21 e
0 7 18 21 e
1 14 18 24 e
3 11 18 24 e
7 11 14 18 e
14 20 21 23 e
9 11 20 21 e
3 7 14 20 e
1 3 7 21 e
2 7 18 21 e
3 7 10 11 e
1 3 9 11 e
1 3 17 21 e
1 3 20 21 e
1 3 21 23 e
1 3 11 20 e
1 14 16 18 e
14 16 18 20 e
1 3 13 23 e
3 11 14 20 e
1 3 7 14 21 e
7 11 21 23 e
3 20 21 24 e
1 17 18 21 e
1 9 11 21 e
17 18 20 21 e
0 14 20 21 e
1 18 21 23 e
0 1 21 24 e
3 7 11 20 e
3 7 18 21 e
0 7 11 21 e
1 14 21 24 e
1 14 18 20 e
18 20 21 23 e
13 18 20 21 e
7 11 16 18 e
18 20 21 24 e
3 7 20 21 e
3 14 16 20 e
3 14 18 23 e
3 14 18 21 e
0 18 20 21 e
13 18 20 23 e
3 20 21 23 e
7 18 20 21 e
1 7 11 21 e
0 1 11 21 e
1 3 14 23 24 e
1 3 7 11 21 e
1 11 18 24 e
1 13 18 21 e
18 21 23 24 e
1 3 14 21 24 e
3 7 11 14 18 e
1 7 11 18 21 e
1 3 14 18 24 e
7 11 14 18 21 e
