100
2 3 4 5 6 7 15 e
2 3 4 5 6 7 13 e
2 3 4 5 6 7 17 e
2 3 4 5 6 7 19 e
2 3 4 5 6 7 8 e
2 3 4 6 7 12 13 14 15 17 e
2 3 4 6 7 8 12 14 15 17 e
2 3 4 5 6 10 14 15 17 19 e
2 3 4 5 6 8 10 15 17 19 e
2 3 4 6 7 10 12 14 15 17 e
2 3 4 6 7 8 12 13 14 15 e
2 3 4 5 6 10 11 14 15 17 e
2 3 4 5 6 8 13 14 15 17 e
2 3 4 5 6 10 11 15 17 19 e
2 3 4 6 7 10 11 12 15 17 e
2 3 4 6 7 10 13 14 15 17 e
2 3 4 6 7 10 11 14 15 17 e
2 3 4 5 6 8 10 11 15 17 e
2 3 4 5 6 10 11 13 15 17 e
2 3 4 5 6 10 13 14 15 17 e
2 3 4 5 6 7 15 17 e
2 3 4 5 6 8 10 13 15 17 e
2 3 4 6 7 8 12 13 15 17 e
2 3 4 6 7 8 10 12 15 17 e
2 3 4 5 6 7 14 15 e
2 3 4 5 6 10 13 15 17 19 e
2 3 4 6 7 8 13 14 15 17 e
2 3 4 5 6 8 10 14 15 17 e
2 3 4 6 7 10 12 13 15 17 e
2 3 4 5 6 7 8 15 e
2 3 4 5 6 7 15 19 e
2 3 4 6 7 10 11 13 15 17 e
2 3 4 5 6 7 13 15 e
2 3 4 5 7 8 10 13 15 17 e
2 3 4 5 6 8 14 15 17 19 e
2 3 4 5 7 8 10 11 15 17 e
2 3 4 6 7 8 10 13 15 17 e
2 3 4 5 6 7 13 17 e
2 3 4 5 6 10 11 13 17 19 e
2 3 4 5 7 10 11 13 15 17 e
2 3 4 5 7 10 13 14 15 17 e
2 3 4 5 6 8 10 11 13 17 e
2 3 4 5 7 8 13 14 15 17 e
2 3 4 6 7 8 10 11 15 17 e
2 3 4 5 6 7 8 17 e
2 3 4 5 6 7 8 13 e
2 3 4 6 7 10 11 12 13 17 e
2 3 4 6 7 8 10 12 13 17 e
2 3 4 5 6 14 15 16 17 19 e
2 3 4 5 6 7 10 17 e
2 3 4 5 6 8 10 11 17 19 e
2 3 4 5 6 7 17 19 e
2 3 4 5 7 10 11 14 15 17 e
2 3 4 6 7 8 10 11 12 17 e
2 3 4 5 6 7 13 19 e
2 3 5 6 7 8 13 14 15 19 e
2 3 4 5 6 8 10 13 17 19 e
2 3 4 5 7 8 13 15 17 19 e
2 3 4 5 7 8 10 14 15 17 e
2 3 4 5 6 7 8 19 e
2 3 4 6 7 8 10 11 13 17 e
2 3 4 5 7 8 10 16 17 19 e
2 3 4 6 7 8 10 12 14 15 17 e
2 3 4 6 7 10 12 13 14 15 17 e
2 3 4 6 7 10 11 12 14 15 17 e
2 3 4 5 7 8 10 11 17 19 e
2 3 4 5 6 10 13 16 17 19 e
2 3 4 5 6 7 16 19 e
2 3 5 6 7 8 14 15 16 19 e
2 3 4 5 6 7 13 15 17 e
2 3 4 5 6 10 11 14 15 17 19 e
2 3 4 5 6 7 10 15 17 e
2 3 4 5 6 7 8 14 15 e
2 3 5 6 7 13 14 15 16 19 e
2 3 4 6 7 8 10 11 14 15 17 e
2 3 4 5 6 10 14 15 16 17 19 e
2 3 4 5 6 7 14 15 19 e
2 3 4 5 6 7 14 15 17 e
2 3 4 5 6 7 8 15 17 e
2 3 4 6 7 8 10 11 12 15 17 e
2 3 4 5 6 7 13 14 15 e
2 3 4 5 6 7 8 15 19 e
2 4 5 6 7 10 14 15 17 19 e
2 3 4 5 6 7 15 17 19 e
2 4 5 6 7 14 15 16 17 19 e
1 2 3 6 7 e
2 3 4 5 6 7 10 13 17 e
2 4 5 6 7 8 14 15 17 19 e
2 4 5 6 7 10 11 14 15 17 e
2 3 4 5 6 7 10 11 17 e
2 4 5 6 7 10 11 15 17 19 e
2 4 5 6 7 8 10 11 15 17 e
2 3 4 5 6 7 10 17 19 e
2 3 4 5 6 7 15 16 19 e
2 3 4 5 6 7 13 17 19 e
2 3 4 5 6 7 8 17 19 e
2 3 4 5 6 7 16 17 19 e
2 3 4 5 6 7 8 16 19 e
2 3 4 6 7 8 10 14 15 17 e
2 3 4 5 7 8 10 15 17 19 e
