100
0 2 4 6 9 13 14 e
0 2 4 6 13 14 16 e
0 2 4 6 11 13 14 e
0 2 4 6 8 9 14 e
0 2 4 6 9 11 14 e
0 2 4 6 10 13 14 e
0 2 4 6 9 14 16 e
0 2 4 6 9 10 14 e
0 2 4 6 9 10 13 e
0 2 4 6 11 14 16 e
0 2 4 6 8 11 14 e
0 2 4 6 8 14 16 e
0 2 4 6 8 10 14 e
0 2 4 5 9 13 14 e
0 2 4 6 10 14 16 e
0 2 4 6 10 11 14 e
0 2 4 6 9 13 16 e
0 2 4 6 9 14 15 e
0 2 4 6 9 10 11 e
0 2 4 6 11 13 16 e
0 2 4 6 9 11 13 e
0 2 4 6 10 13 16 e
0 2 4 6 8 9 13 e
0 2 4 6 8 9 10 e
0 2 4 5 9 10 14 e
0 2 4 5 13 14 16 e
0 2 4 5 9 11 14 e
0 2 4 6 10 11 13 e
0 2 4 6 8 9 11 e
0 2 4 5 11 13 14 e
0 2 4 6 9 13 15 e
0 2 4 6 8 10 13 e
0 2 4 5 10 13 14 e
0 2 4 5 8 13 14 e
0 2 4 5 9 14 16 e
0 2 4 6 13 15 16 e
0 2 4 6 8 9 16 e
0 2 4 6 9 11 16 e
0 2 4 6 10 11 16 e
0 2 4 5 9 14 15 e
0 2 4 5 9 10 13 e
0 2 4 6 8 10 11 e
0 2 4 6 8 13 16 e
0 2 4 5 9 11 13 e
0 2 4 5 9 13 16 e
0 2 4 6 9 11 13 14 e
0 2 4 5 8 9 14 e
0 2 4 6 8 10 16 e
0 2 4 5 10 14 16 e
0 2 4 6 9 13 14 16 e
0 2 4 5 10 13 16 e
0 2 4 6 8 11 16 e
0 2 4 5 10 11 13 e
0 2 4 5 10 11 14 e
0 2 4 6 9 15 16 e
0 2 4 6 10 13 15 e
0 2 4 6 8 9 15 e
0 2 4 5 8 11 14 e
0 2 4 6 9 11 15 e
0 2 4 6 10 13 14 16 e
0 2 4 6 10 11 13 14 e
0 2 4 6 8 9 10 14 e
0 2 4 6 11 13 14 16 e
0 2 4 6 9 10 15 e
0 2 4 5 9 10 16 e
0 2 4 5 11 14 16 e
0 2 4 6 8 9 11 14 e
0 2 4 6 9 10 13 14 e
0 2 4 6 9 10 11 14 e
0 2 4 6 9 11 14 16 e
0 2 4 6 9 10 14 16 e
0 2 4 5 10 13 15 e
0 2 4 6 8 16 17 e
0 2 4 6 8 9 10 13 e
0 2 4 7 10 13 16 e
0 2 4 5 8 9 11 e
0 2 4 5 11 13 16 e
0 2 4 5 9 10 15 e
0 2 4 6 8 9 14 16 e
0 2 5 7 10 13 16 e
0 2 4 5 9 15 16 e
0 2 4 5 9 11 16 e
0 2 4 6 9 10 13 16 e
0 2 4 6 8 11 14 16 e
0 2 4 5 9 10 13 14 e
0 2 4 5 8 13 16 e
0 2 4 5 13 15 16 e
0 2 4 6 8 9 14 15 e
0 2 4 6 9 10 11 13 e
0 2 4 6 9 11 14 15 e
0 2 4 6 9 13 14 15 e
0 2 4 5 6 e
0 2 4 5 9 11 15 e
0 2 4 6 9 10 14 15 e
0 2 4 6 8 9 10 11 e
0 2 4 6 7 e
0 2 4 6 9 10 13 15 e
0 2 4 6 9 11 13 14 16 e
0 2 4 6 9 10 13 14 16 e
0 2 4 6 9 10 11 13 14 e
