100
0 6 7 9 10 12 13 14 15 17 18 20 21 e
0 6 7 9 10 11 12 13 15 17 18 20 21 e
0 7 9 10 11 12 13 14 15 17 18 20 21 e
0 4 6 7 9 10 12 13 15 17 18 20 21 e
0 2 6 7 9 10 12 13 14 15 18 20 21 e
0 2 5 6 7 10 12 13 15 17 18 20 21 e
0 5 6 7 10 12 13 14 15 17 18 20 21 e
0 6 7 10 11 12 13 14 15 17 18 20 21 e
0 2 6 7 9 10 11 12 13 15 18 20 21 e
0 6 7 9 10 11 12 13 14 15 17 18 21 e
2 5 6 7 10 11 12 13 15 17 18 20 21 e
2 6 7 9 10 11 12 13 15 17 18 20 21 e
0 4 6 7 10 11 12 13 15 17 18 20 21 e
0 2 7 9 10 11 12 13 15 17 18 20 21 e
0 6 7 9 10 12 13 15 16 17 18 20 21 e
0 5 6 7 9 10 12 13 15 17 18 20 21 e
0 4 6 7 9 10 12 13 14 15 17 18 21 e
2 6 7 9 10 12 13 14 15 17 18 20 21 e
6 7 9 10 12 13 14 15 17 18 20 21 22 e
3 6 7 9 10 11 12 13 15 17 18 20 21 e
0 2 4 7 9 10 12 13 15 17 18 20 21 e
0 4 7 9 10 11 12 13 15 17 18 20 21 e
0 5 6 7 10 11 12 13 15 17 18 20 21 e
0 2 6 7 9 10 11 12 13 17 18 20 21 e
0 4 6 7 10 11 12 13 14 15 17 18 21 e
2 4 6 7 10 11 12 13 15 17 18 20 21 e
0 2 5 6 7 10 12 13 14 15 18 20 21 e
0 6 7 10 11 12 13 15 16 17 18 20 21 e
2 7 9 10 11 12 13 14 15 17 18 20 21 e
0 3 7 9 10 11 12 13 14 15 18 20 21 e
0 6 7 9 10 11 12 13 14 17 18 20 21 e
2 5 6 7 9 10 12 13 15 17 18 20 21 e
3 4 6 7 9 10 12 13 15 17 18 20 21 e
0 5 6 7 9 10 12 13 14 15 17 18 21 e
0 7 9 10 11 12 13 15 16 17 18 20 21 e
0 5 6 7 10 11 12 13 14 15 17 18 21 e
0 2 4 6 7 10 12 13 15 17 18 20 21 e
0 3 6 7 9 10 11 12 13 14 15 18 21 e
0 4 6 7 10 12 13 14 15 17 18 20 21 e
4 6 7 9 10 12 13 15 17 18 20 21 22 e
0 2 7 9 10 11 12 13 14 15 18 20 21 e
2 5 6 7 10 12 13 14 15 17 18 20 21 e
0 2 5 6 7 9 10 12 13 15 18 20 21 e
0 4 5 6 7 10 12 13 15 17 18 20 21 e
0 4 7 9 10 11 12 13 14 15 17 18 21 e
3 4 6 7 10 11 12 13 15 18 19 20 21 e
3 4 6 7 10 11 12 13 15 17 18 20 21 e
0 5 6 7 9 10 12 13 14 17 18 20 21 e
0 2 5 6 7 10 11 12 13 15 18 20 21 e
0 4 7 10 11 12 13 14 15 17 18 20 21 e
2 6 7 10 11 12 13 14 15 17 18 20 21 e
0 2 4 7 10 11 12 13 15 17 18 20 21 e
0 5 6 7 10 12 13 15 16 17 18 20 21 e
0 3 5 6 7 10 11 12 13 14 15 18 21 e
4 6 7 10 11 12 13 15 17 18 20 21 22 e
0 2 7 9 10 11 12 13 14 15 17 20 21 e
0 4 5 6 7 10 12 13 14 15 17 18 21 e
0 4 6 7 9 10 12 14 15 17 18 20 21 e
3 4 5 6 7 10 12 13 15 18 19 20 21 e
0 2 4 6 7 10 12 13 14 15 18 20 21 e
0 5 6 7 10 11 12 13 14 17 18 20 21 e
2 6 7 9 10 11 12 13 14 17 18 20 21 e
3 5 6 7 10 11 12 13 15 17 18 20 21 e
5 6 7 10 11 12 13 14 15 17 18 20 21 e
2 6 7 9 10 11 12 13 14 15 17 20 21 e
0 6 7 9 10 11 12 14 15 17 18 20 21 e
0 5 6 7 11 12 13 14 15 17 18 20 21 e
0 4 6 7 10 12 13 15 16 17 18 20 21 e
0 4 6 7 9 10 11 12 15 17 18 20 21 e
2 5 6 7 9 10 11 12 13 17 18 20 21 e
7 9 10 11 12 13 14 15 17 18 20 21 22 e
0 2 7 9 10 12 13 14 15 17 18 20 21 e
0 3 4 7 9 10 12 13 14 15 18 20 21 e
0 7 9 10 12 13 14 15 17 18 20 21 22 e
0 5 6 7 9 10 11 12 13 17 18 20 21 e
5 6 7 10 11 12 13 15 17 18 20 21 22 e
5 6 7 10 12 13 14 15 17 18 20 21 22 e
4 6 7 10 12 13 14 15 17 18 20 21 22 e
2 4 6 7 10 12 13 14 15 17 18 20 21 e
0 5 6 7 9 10 12 14 15 17 18 20 21 e
2 4 7 10 11 12 13 14 15 17 18 20 21 e
0 4 7 9 10 11 12 14 15 17 18 20 21 e
3 4 6 7 10 12 13 14 15 18 19 20 21 e
4 5 6 7 10 12 13 15 17 18 20 21 22 e
0 4 6 7 11 12 13 14 15 17 18 20 21 e
3 7 9 10 11 12 13 14 15 17 18 20 21 e
4 7 9 10 12 13 14 15 17 18 20 21 22 e
2 6 7 8 9 10 11 12 13 15 18 20 21 e
0 2 5 6 7 9 10 12 13 14 18 20 21 e
5 6 7 10 12 13 15 16 17 18 20 21 22 e
0 5 6 7 9 10 11 12 13 14 17 18 21 e
0 5 6 7 9 10 12 13 16 17 18 20 21 e
5 6 7 9 10 12 13 14 17 18 20 21 22 e
0 5 6 7 10 12 13 15 17 18 20 21 24 e
0 1 3 6 7 9 10 11 13 14 18 20 21 e
2 6 7 10 11 12 13 15 17 18 20 21 24 e
2 5 6 7 9 10 12 13 14 17 18 20 21 e
2 5 6 7 11 12 13 14 15 17 18 20 21 e
4 6 7 10 12 13 15 16 17 18 20 21 22 e
0 5 6 7 9 10 11 12 14 15 17 18 21 e
