100
0 2 3 4 12 e
0 2 3 4 9 e
0 2 3 7 9 10 12 13 e
0 2 3 4 7 e
0 2 3 4 10 e
0 2 3 7 9 10 12 14 e
0 2 3 7 9 12 13 14 e
0 2 3 4 13 e
0 2 3 9 10 12 13 14 e
0 2 3 4 14 e
0 2 3 4 9 12 e
0 2 3 7 8 9 12 13 e
0 2 3 7 8 9 10 12 e
0 2 3 7 9 10 11 12 e
0 2 3 7 10 12 13 14 e
0 2 4 7 9 10 12 13 e
0 2 3 7 9 11 12 13 e
0 2 3 4 8 e
0 2 3 8 9 10 12 13 e
0 2 3 4 7 12 e
0 2 3 7 8 9 12 14 e
0 2 3 4 11 e
0 2 3 6 12 e
0 2 3 9 10 11 12 13 e
0 2 3 7 9 11 12 14 e
0 2 3 8 9 10 12 14 e
0 2 3 4 10 12 e
0 2 4 7 9 10 12 14 e
0 2 3 6 9 e
0 2 3 7 9 10 13 14 e
0 2 4 7 9 12 13 14 e
0 2 3 4 7 9 e
0 2 3 9 10 11 12 14 e
0 2 3 7 10 11 12 13 e
0 2 3 7 8 10 12 13 e
0 2 3 6 7 e
0 2 3 5 12 e
0 2 3 4 9 10 e
0 2 3 7 8 10 12 14 e
0 2 3 8 9 12 13 14 e
0 2 3 6 10 e
0 2 3 7 8 9 11 12 e
0 2 4 9 10 12 13 14 e
0 2 3 7 10 11 12 14 e
0 2 3 9 11 12 13 14 e
0 2 4 7 8 9 10 12 e
0 2 3 4 12 13 e
0 2 3 4 7 10 e
0 2 3 7 8 12 13 14 e
0 2 3 4 12 14 e
0 2 4 7 8 9 12 13 e
0 2 3 7 11 12 13 14 e
0 2 3 4 9 14 e
0 2 4 7 9 10 11 12 e
0 2 3 7 8 9 10 14 e
0 2 3 7 8 9 10 13 e
0 2 4 7 10 12 13 14 e
0 2 3 8 9 10 11 12 e
0 2 3 8 10 12 13 14 e
0 2 3 7 9 10 11 13 e
0 2 3 4 9 13 e
0 2 3 10 11 12 13 14 e
0 2 3 7 8 9 13 14 e
0 2 3 7 8 10 11 12 e
0 2 3 7 9 10 11 14 e
0 2 4 6 12 e
0 2 3 8 9 11 12 13 e
0 2 3 5 9 e
0 2 4 9 10 11 12 13 e
0 2 3 6 13 e
0 2 4 7 9 11 12 14 e
0 2 3 7 9 11 13 14 e
0 2 3 4 7 14 e
0 2 3 4 8 12 e
0 2 4 7 8 9 12 14 e
0 2 4 8 9 10 12 14 e
0 2 4 8 9 10 12 13 e
0 2 3 8 9 11 12 14 e
0 2 3 6 14 e
0 2 3 8 9 10 13 14 e
0 2 3 5 7 e
0 2 3 4 10 14 e
0 2 4 7 9 10 13 14 e
0 2 3 4 11 12 e
0 2 4 8 9 12 13 14 e
0 2 3 7 8 11 12 13 e
0 2 4 9 10 11 12 14 e
0 2 3 7 9 10 12 13 14 e
0 2 3 4 8 9 e
0 2 3 5 10 e
0 2 4 6 9 e
0 2 3 7 8 11 12 14 e
0 2 3 6 7 12 e
0 2 3 4 7 8 e
0 2 4 7 8 10 12 13 e
0 2 3 4 9 11 e
0 2 4 7 8 10 12 14 e
0 2 3 8 10 11 12 14 e
0 2 4 7 10 11 12 14 e
0 2 3 7 8 9 10 11 e
