100
1 2 22 25 27 e
1 2 5 27 28 e
1 2 6 27 28 e
1 2 6 25 27 e
1 2 22 27 28 e
1 2 15 27 28 e
2 4 15 27 28 e
1 2 5 15 28 e
1 2 6 22 28 e
1 2 19 22 27 e
2 4 5 27 28 e
2 4 22 27 28 e
1 12 25 27 28 e
1 2 12 25 27 e
1 6 22 27 28 e
1 15 23 27 28 e
1 6 12 27 28 e
1 2 25 27 28 e
1 12 15 27 28 e
1 6 25 27 28 e
2 5 23 25 27 e
1 5 18 27 28 e
1 12 19 27 28 e
2 12 15 27 28 e
2 4 12 25 27 e
1 6 12 25 27 e
1 6 22 25 28 e
1 2 6 12 25 e
12 23 25 27 28 e
1 19 22 23 27 e
2 4 25 27 28 e
1 6 22 23 28 e
1 2 12 27 28 e
12 15 23 27 28 e
1 2 12 19 27 e
1 12 15 25 28 e
1 2 15 22 27 e
1 7 15 27 28 e
1 22 23 27 28 e
1 23 25 27 28 e
1 2 6 12 28 e
1 2 6 19 22 e
1 15 18 22 27 e
2 12 25 27 28 e
2 4 15 19 27 e
1 2 6 12 27 e
4 12 15 27 28 e
1 2 5 25 28 e
2 3 12 15 27 e
12 15 25 27 28 e
2 12 22 25 27 e
1 2 12 15 28 e
2 22 23 25 27 e
1 7 25 27 28 e
1 15 19 22 27 e
12 15 18 27 28 e
2 3 12 27 28 e
1 6 12 22 28 e
2 5 12 15 28 e
1 2 3 15 27 e
2 4 12 27 28 e
1 2 19 27 28 e
1 2 6 18 27 e
2 4 12 15 28 e
1 4 6 27 28 e
1 12 23 25 27 e
2 12 23 25 27 e
1 2 6 23 27 e
1 12 15 19 27 e
1 6 12 22 25 e
1 6 12 23 25 e
1 19 23 27 28 e
2 4 6 18 27 e
2 5 15 27 28 e
2 22 25 27 28 e
2 12 22 27 28 e
1 2 5 18 27 e
1 2 21 27 28 e
1 6 12 19 27 e
1 2 6 12 22 e
2 4 5 18 27 e
12 18 25 27 28 e
2 12 19 22 27 e
1 2 6 18 22 e
3 12 15 18 27 e
1 2 6 12 19 e
1 2 4 6 27 e
2 4 6 22 23 e
2 12 22 25 28 e
2 12 15 18 27 e
3 12 19 23 27 e
1 2 6 22 23 e
1 12 13 19 27 e
2 12 23 27 28 e
3 12 23 27 28 e
2 12 19 23 27 e
2 6 12 18 22 e
2 5 25 27 28 e
3 12 23 25 27 e
1 2 22 25 28 e
