100
0 2 3 4 10 11 17 22 e
0 2 3 4 10 11 16 17 e
0 2 3 4 10 11 17 18 e
0 2 3 4 10 11 18 28 e
0 2 3 4 10 12 17 22 e
0 2 3 4 10 12 22 29 e
0 2 3 4 10 12 16 17 e
0 1 2 3 10 11 17 22 e
0 2 3 4 10 11 17 22 29 e
0 2 3 4 10 11 16 17 18 e
0 2 3 4 10 11 16 17 22 e
0 1 2 3 10 11 16 17 e
0 2 3 4 10 11 16 17 21 e
0 2 3 4 10 11 17 18 28 e
0 2 3 4 10 12 16 17 21 e
0 2 3 4 10 11 15 18 28 e
0 1 2 3 8 10 17 22 e
0 1 2 3 10 11 16 17 21 e
0 2 3 4 10 11 12 e
0 2 3 4 10 12 16 17 22 e
0 1 2 3 8 10 17 27 e
0 2 3 4 10 12 17 22 29 e
0 1 2 3 10 12 17 22 e
0 1 2 3 5 10 17 19 e
0 2 3 4 10 11 16 17 21 22 e
0 2 3 4 5 10 11 e
0 1 2 3 10 11 17 18 e
0 1 2 3 10 12 16 17 e
0 1 2 3 10 11 18 28 e
0 2 3 4 11 12 18 28 e
0 2 3 4 10 11 16 17 18 21 e
0 2 3 4 9 10 11 e
0 2 3 4 10 12 22 25 29 e
0 1 2 3 10 11 17 18 28 e
0 2 3 4 11 12 18 25 e
0 1 2 3 8 10 11 e
0 1 2 3 8 10 13 27 e
0 2 3 4 10 11 15 17 18 28 e
0 1 2 3 10 12 22 29 e
0 2 3 5 10 11 12 14 17 19 20 e
0 1 2 3 10 11 17 22 29 e
0 1 2 3 5 11 17 19 e
0 1 2 3 5 10 11 e
0 2 3 5 10 11 12 17 19 20 24 e
0 2 3 5 10 11 12 17 19 20 22 e
0 2 3 4 10 11 16 17 18 28 e
0 1 2 3 10 12 16 17 21 e
0 2 3 5 10 11 12 16 17 19 21 e
0 2 3 5 10 11 12 16 17 19 20 e
0 2 3 5 10 11 12 19 20 22 29 e
0 2 3 4 5 10 12 e
0 1 2 3 8 10 11 17 e
0 1 2 3 10 11 15 18 28 e
0 2 3 5 10 11 12 17 18 19 22 e
0 2 3 5 10 11 12 16 17 19 22 e
0 1 2 3 10 11 12 e
0 1 2 3 5 10 11 19 e
0 2 3 5 10 11 12 17 18 19 20 e
0 2 3 4 10 12 16 17 21 22 e
0 1 2 3 5 8 10 e
0 2 3 4 10 11 12 17 e
0 2 3 5 10 11 12 16 17 18 19 e
0 2 3 4 5 10 11 19 e
0 2 3 4 5 10 11 17 e
0 1 2 3 10 12 17 22 29 e
0 2 3 5 10 11 12 17 18 19 28 e
0 2 3 5 10 11 12 18 19 22 28 e
0 1 2 3 8 11 18 27 e
0 2 3 5 10 11 12 17 19 22 29 e
0 1 2 3 10 11 16 17 18 21 e
0 2 3 4 10 12 16 17 22 29 e
0 2 3 4 10 11 12 22 e
0 2 3 5 10 11 12 18 19 22 29 e
0 2 3 5 10 11 12 19 22 25 29 e
0 2 3 5 10 11 12 17 18 19 25 e
0 1 2 3 8 10 12 e
0 2 3 4 9 10 12 e
0 2 3 4 5 10 11 18 e
0 2 3 5 10 11 12 15 18 19 28 e
0 2 3 5 10 11 12 18 19 20 28 e
0 2 3 4 10 11 12 18 e
0 2 3 5 10 11 12 18 19 20 25 e
0 2 3 4 10 12 17 22 25 29 e
0 2 3 5 10 11 12 14 18 19 20 e
0 2 3 5 10 11 12 16 17 18 21 e
0 2 3 4 10 11 16 17 21 22 29 e
0 1 2 3 5 10 11 17 e
0 2 3 4 11 12 15 18 28 e
0 2 3 4 10 11 16 17 18 21 28 e
0 2 3 5 10 11 12 16 17 18 22 e
0 2 3 5 10 11 12 17 19 20 22 24 e
0 2 3 4 10 11 15 16 17 18 28 e
0 1 2 3 5 8 10 19 e
0 2 3 5 10 11 12 16 17 19 20 21 e
0 2 3 5 10 11 12 17 18 19 20 22 e
0 2 3 4 10 11 12 16 17 e
0 2 3 5 10 11 12 16 17 18 19 28 e
0 2 3 4 10 11 12 17 22 e
0 2 3 4 10 11 12 17 18 e
0 2 3 4 10 11 12 22 29 e
