100
1 13 18 19 e
1 13 18 24 e
1 13 14 19 e
1 13 14 24 e
1 3 13 18 e
1 3 13 14 e
13 18 19 24 e
1 3 13 21 e
1 13 21 23 e
13 14 19 24 e
3 13 18 24 e
3 13 14 24 e
1 13 19 21 e
1 13 21 24 e
1 3 11 13 e
1 3 14 19 e
1 11 13 24 e
3 13 21 24 e
13 21 23 24 e
1 13 19 22 e
0 13 18 24 e
1 11 13 23 e
1 13 22 24 e
13 19 21 24 e
1 19 21 23 e
1 11 13 19 e
3 14 19 24 e
1 13 19 24 e
0 3 13 18 e
3 11 13 24 e
1 18 19 24 e
1 3 13 22 e
1 9 13 21 e
1 3 19 21 e
0 13 14 24 e
1 13 18 21 e
13 14 18 24 e
0 3 13 14 e
11 13 23 24 e
9 13 21 24 e
13 19 22 24 e
1 14 19 24 e
3 13 22 24 e
1 13 17 21 e
19 21 23 24 e
13 18 23 24 e
1 11 13 14 e
0 3 13 21 e
13 18 21 24 e
1 11 19 23 e
13 22 23 24 e
1 3 19 22 e
13 16 21 24 e
3 19 21 24 e
1 3 11 19 e
0 13 21 24 e
11 13 19 24 e
3 13 14 18 e
1 13 14 21 e
0 3 11 13 e
0 11 13 24 e
0 1 11 13 e
0 1 13 21 e
1 3 9 21 e
0 3 14 19 e
19 22 23 24 e
11 13 16 24 e
3 6 13 18 e
3 13 18 19 e
1 11 13 20 e
1 11 13 17 e
1 3 13 19 e
0 13 21 23 e
3 13 14 19 e
1 11 13 21 e
1 19 21 24 e
3 19 22 24 e
11 19 23 24 e
1 9 21 23 e
0 13 22 24 e
3 11 19 24 e
5 13 21 24 e
6 13 18 24 e
0 3 13 22 e
1 13 16 21 e
1 3 14 24 e
1 3 9 11 e
1 21 23 24 e
13 16 19 21 e
13 16 21 23 e
1 3 21 23 e
1 13 23 24 e
3 13 16 21 e
0 13 19 21 e
3 9 21 24 e
1 13 18 23 24 e
1 11 19 24 e
1 3 13 14 18 e
1 13 18 19 24 e
1 13 14 18 23 e
