100
0 11 13 14 e
2 11 13 14 e
0 11 13 18 e
2 11 13 18 e
0 11 12 18 e
11 13 14 24 e
0 13 14 22 e
0 6 11 13 e
0 11 12 14 e
11 13 14 23 e
6 11 13 24 e
11 13 14 22 e
2 11 12 14 e
2 13 14 22 e
0 11 12 22 e
11 13 18 23 e
11 13 14 17 e
0 12 14 22 e
0 9 11 13 e
13 14 22 24 e
2 11 12 18 e
11 12 14 24 e
0 11 14 18 e
11 12 14 23 e
6 11 13 23 e
11 13 18 22 e
0 6 13 22 e
6 11 13 22 e
13 14 22 23 e
0 11 14 22 e
2 9 11 13 e
11 12 18 24 e
0 13 18 22 e
11 12 18 23 e
0 9 11 12 e
0 6 11 22 e
0 6 11 12 e
0 13 14 15 e
11 14 22 23 e
0 11 18 22 e
2 13 18 22 e
2 11 12 13 e
12 14 22 23 e
0 11 12 24 e
0 13 15 18 e
2 12 14 22 e
0 11 18 24 e
0 12 14 15 e
0 11 12 17 e
0 12 18 22 e
13 14 17 22 e
0 11 12 13 e
2 6 11 12 e
11 12 22 23 e
0 11 13 22 e
11 12 23 24 e
11 12 13 22 e
2 9 11 12 e
0 12 15 18 e
6 13 22 24 e
11 12 17 18 e
0 11 14 24 e
13 14 18 22 e
11 18 23 24 e
0 6 11 24 e
6 11 23 24 e
0 1 11 14 e
6 11 12 23 e
0 14 18 22 e
2 13 14 18 e
0 6 11 18 e
2 11 12 22 e
13 14 15 23 e
0 6 13 15 e
7 11 13 14 e
0 11 17 18 e
12 14 22 24 e
6 11 22 23 e
13 18 22 24 e
6 13 22 23 e
0 6 12 22 e
0 6 11 17 e
9 11 12 24 e
11 12 18 22 e
0 9 12 22 e
6 13 17 22 e
12 14 15 23 e
13 15 18 23 e
11 17 18 23 e
6 11 12 24 e
11 12 22 24 e
2 12 18 22 e
14 18 22 23 e
0 11 14 23 e
6 11 17 23 e
12 18 22 23 e
6 7 11 13 e
1 11 12 24 e
12 15 18 23 e
6 11 18 23 e
