100
2 4 9 13 19 e
1 4 13 19 24 e
1 4 9 13 19 e
2 4 9 13 24 e
2 4 6 9 19 e
4 8 9 13 19 e
1 4 8 19 24 e
2 4 8 9 19 e
1 4 8 9 19 e
1 4 9 13 29 e
1 4 9 13 24 e
4 8 13 19 24 e
1 4 13 19 23 e
4 9 13 14 19 e
4 13 19 23 25 e
4 9 13 19 23 e
2 4 6 9 24 e
4 8 9 13 24 e
1 4 8 9 24 e
4 13 19 24 25 e
4 8 9 13 29 e
4 9 13 19 25 e
1 4 13 19 29 e
2 4 8 9 24 e
2 4 9 13 25 e
1 4 8 19 23 e
1 4 6 9 19 e
2 4 9 13 23 e
4 9 13 23 25 e
1 4 6 19 24 e
4 9 13 24 25 e
4 13 19 23 29 e
4 13 19 23 24 e
1 4 9 13 26 e
1 4 8 19 29 e
4 9 13 25 29 e
1 4 9 13 23 e
4 6 19 23 25 e
4 9 13 23 29 e
1 4 9 15 19 e
4 6 9 19 23 e
2 9 13 15 19 e
4 8 9 13 26 e
4 9 15 19 23 e
4 15 19 23 25 e
1 4 6 9 24 e
1 4 8 9 23 e
4 6 8 9 24 e
4 6 8 19 24 e
4 8 13 19 23 e
1 4 6 19 23 e
4 8 19 23 25 e
2 4 6 9 23 e
4 6 19 24 25 e
1 4 9 15 24 e
4 6 9 19 25 e
4 6 9 23 25 e
4 8 9 19 25 e
4 8 9 13 25 e
1 4 13 24 25 e
4 6 19 23 24 e
1 4 15 19 23 e
2 4 6 9 25 e
4 13 15 19 24 e
4 8 13 24 25 e
1 4 9 15 29 e
4 6 19 23 29 e
2 9 13 15 24 e
1 2 4 9 19 e
4 6 9 23 26 e
4 9 13 14 23 e
4 9 14 19 23 e
4 9 13 14 26 e
2 4 8 9 25 e
1 9 13 15 19 e
4 6 9 23 24 e
1 13 15 19 24 e
1 4 15 19 29 e
4 6 9 24 25 e
4 8 9 19 23 e
1 2 4 13 19 e
1 4 6 9 23 e
1 2 4 9 13 e
1 4 6 9 26 e
2 4 8 9 23 e
1 4 13 23 26 e
1 4 9 13 25 e
1 4 8 24 25 e
1 2 4 9 29 e
1 4 9 15 23 e
1 2 4 9 24 e
1 4 13 19 26 e
1 9 13 15 24 e
4 6 23 24 25 e
1 2 4 19 23 e
1 2 4 13 24 e
1 4 9 15 26 e
1 13 15 19 23 e
1 4 14 19 24 e
1 8 13 19 24 e
