100
2 3 4 10 13 15 17 18 19 20 21 23 27 28 29 e
2 3 4 6 10 13 17 18 19 20 21 23 27 28 29 e
2 3 4 10 13 15 17 18 19 20 21 23 24 27 28 e
2 3 4 6 10 17 18 19 20 21 23 25 27 28 29 e
2 3 4 6 10 13 17 18 19 20 21 23 24 27 29 e
2 3 4 6 10 15 17 18 19 20 21 23 24 27 29 e
2 3 6 10 13 17 18 19 20 21 23 24 27 28 29 e
2 3 4 10 13 15 17 18 19 20 21 23 25 27 29 e
2 3 4 6 10 16 17 18 20 21 23 25 27 28 29 e
2 3 4 5 10 13 15 17 18 19 20 21 23 27 28 e
2 3 4 6 10 15 17 18 19 20 21 23 27 28 29 e
2 3 4 5 6 10 17 18 19 20 21 23 25 27 28 e
2 3 4 6 10 17 18 20 21 23 25 26 27 28 29 e
2 3 4 6 10 15 17 18 19 20 21 23 24 27 28 e
2 3 4 6 10 13 16 17 18 19 20 21 23 28 29 e
2 3 4 10 13 15 17 18 19 20 21 23 24 28 29 e
2 3 10 13 15 17 18 19 20 21 23 24 27 28 29 e
2 3 5 6 10 13 17 18 19 20 21 23 24 27 29 e
2 3 5 6 10 13 17 18 19 20 21 23 24 27 28 e
2 3 4 5 6 10 15 17 18 19 20 21 23 27 28 e
2 3 4 6 10 13 15 17 18 19 20 21 23 27 29 e
2 3 4 5 6 10 17 18 20 21 23 25 26 27 28 e
2 3 4 10 15 16 17 18 19 20 21 23 25 27 28 e
2 3 6 10 17 18 19 20 21 23 24 26 27 28 29 e
2 3 4 6 10 16 17 18 19 20 21 23 25 28 29 e
2 3 5 6 10 17 18 20 21 23 24 25 26 27 29 e
2 3 5 10 13 15 17 18 19 20 21 23 24 27 28 e
2 3 4 10 13 15 16 17 18 19 20 21 23 25 29 e
2 3 4 6 10 13 15 17 18 19 20 21 23 24 28 e
2 3 5 6 10 17 18 19 20 21 23 24 25 27 29 e
2 3 4 5 6 10 16 17 18 20 21 23 25 27 28 e
2 3 4 6 10 13 17 18 19 21 23 25 27 28 29 e
2 3 4 10 15 17 18 19 20 21 23 25 27 28 29 e
2 3 4 5 6 10 13 16 19 20 24 25 27 28 29 e
2 3 4 5 6 10 13 15 16 19 20 25 27 28 29 e
2 3 8 10 13 15 17 18 19 20 21 23 24 27 29 e
2 3 4 6 10 15 16 17 18 20 21 23 27 28 29 e
2 3 4 10 15 16 17 18 20 21 23 25 27 28 29 e
2 3 4 6 10 13 15 16 19 20 24 25 27 28 29 e
2 3 4 6 10 15 17 18 20 21 23 26 27 28 29 e
3 4 6 8 10 15 17 18 19 20 21 23 24 27 28 e
2 3 4 6 10 15 16 17 18 19 20 21 23 24 28 e
2 3 4 5 6 10 13 15 16 19 20 24 27 28 29 e
2 3 6 10 15 17 18 19 20 21 23 24 27 28 29 e
2 3 5 6 10 15 17 18 19 20 21 23 24 27 29 e
2 3 10 13 15 17 18 19 20 21 23 26 27 28 29 e
2 3 8 10 13 15 17 18 19 20 21 23 24 27 28 e
2 3 4 10 15 16 17 18 20 21 23 24 25 27 28 e
2 3 4 6 10 13 15 17 18 19 20 21 23 28 29 e
2 3 5 6 10 17 18 20 21 23 24 25 26 27 28 e
2 3 5 6 10 15 17 18 19 20 21 23 24 27 28 e
2 3 4 6 10 15 17 18 19 20 21 23 25 27 29 e
2 3 5 6 10 17 18 19 20 21 23 24 26 27 28 e
2 3 4 5 10 13 15 17 18 19 20 21 23 25 29 e
2 3 6 8 10 15 17 18 19 20 21 23 24 27 29 e
2 3 4 5 6 10 13 15 19 20 24 25 27 28 29 e
2 3 5 10 13 17 18 19 20 21 23 24 26 27 28 e
2 3 10 15 17 18 19 20 21 23 24 26 27 28 29 e
2 3 4 5 6 10 15 16 19 20 24 25 27 28 29 e
2 3 6 10 15 17 18 19 20 21 23 24 26 27 29 e
2 3 4 6 10 13 16 17 18 19 20 21 23 25 28 e
2 3 4 5 6 10 13 15 16 19 20 24 25 28 29 e
3 5 8 10 13 15 17 18 19 20 21 23 24 27 28 e
2 3 4 5 6 10 17 18 19 20 21 23 24 25 29 e
2 3 4 5 6 10 13 15 16 19 20 24 25 27 29 e
2 3 4 5 6 8 10 13 15 16 19 20 25 27 29 e
2 3 4 10 15 17 18 20 21 23 25 26 27 28 29 e
2 3 5 6 10 15 17 18 20 21 23 24 26 27 28 e
2 3 4 5 6 10 17 18 19 20 21 23 24 25 28 e
2 3 4 5 6 10 13 15 17 18 19 20 21 23 28 e
2 3 5 10 15 17 18 19 20 21 23 24 26 27 28 e
2 3 4 5 6 10 15 17 18 20 21 23 25 27 29 e
2 3 6 10 14 17 18 20 21 23 24 26 27 28 29 e
2 3 4 5 6 10 13 19 20 24 25 26 27 28 29 e
2 3 4 6 10 15 16 17 18 19 20 21 23 25 29 e
2 3 8 10 15 17 18 19 20 21 23 24 26 27 28 e
2 3 4 5 6 10 13 17 18 19 21 23 25 27 29 e
2 3 6 10 14 15 17 18 20 21 23 26 27 28 29 e
2 3 5 6 10 14 15 17 18 20 21 23 26 27 29 e
2 3 4 5 6 10 11 13 19 20 24 25 27 28 29 e
2 3 10 14 15 17 18 19 20 21 23 26 27 28 29 e
2 3 6 10 15 17 18 19 20 21 23 26 27 28 29 e
2 3 4 5 6 8 10 13 15 16 19 20 25 27 28 e
2 3 4 5 6 10 13 15 19 20 25 26 27 28 29 e
2 3 4 5 6 10 11 13 16 19 20 24 25 28 29 e
2 3 4 5 6 8 10 13 15 16 19 20 24 27 29 e
2 3 4 5 6 8 10 13 15 19 20 25 26 27 29 e
2 3 10 14 15 17 18 20 21 23 24 26 27 28 29 e
2 3 4 5 6 8 10 13 15 19 20 24 25 27 29 e
3 5 6 8 10 15 17 18 20 21 23 24 26 27 28 e
2 3 5 6 8 10 15 17 18 19 20 21 23 24 27 e
2 3 5 6 10 14 17 18 20 21 23 24 26 27 28 e
2 3 4 5 6 8 10 13 16 19 20 24 25 27 29 e
2 3 4 5 6 8 10 13 16 19 20 24 25 27 28 e
2 3 4 5 6 8 10 13 15 19 20 24 25 27 28 e
2 3 4 5 6 8 10 13 19 20 25 26 27 28 29 e
2 3 5 6 10 14 17 18 20 23 24 25 26 27 29 e
2 3 4 5 6 8 10 15 19 20 24 25 26 27 28 e
2 3 6 8 10 13 17 18 19 20 21 23 24 27 29 e
0 2 3 4 6 10 13 15 16 19 20 25 27 28 29 e
