100
0 1 5 6 8 9 12 15 16 17 20 23 25 26 28 e
0 1 4 5 6 8 9 12 15 16 20 23 25 26 28 e
0 1 5 6 8 9 11 12 15 16 17 20 23 26 28 e
0 1 4 5 6 8 9 11 12 15 16 20 23 26 28 e
0 1 5 6 8 9 11 12 15 16 17 23 25 26 28 e
0 1 4 5 6 9 11 12 15 16 17 23 25 26 28 e
0 1 5 6 8 9 12 15 16 17 23 24 25 26 28 e
0 1 4 5 6 9 12 15 16 18 23 24 25 26 28 e
0 1 5 6 9 11 12 15 16 17 18 23 25 26 28 e
0 1 5 6 8 9 12 15 16 17 20 23 24 26 28 e
0 1 5 6 8 9 11 15 16 17 20 23 25 26 28 e
0 1 4 5 6 8 9 11 15 16 20 23 25 26 28 e
0 5 6 8 9 11 12 15 16 17 20 23 25 26 28 e
0 5 6 9 12 13 15 16 17 18 23 24 25 26 28 e
0 1 5 6 8 9 11 12 16 17 20 23 25 26 28 e
0 1 4 5 6 8 9 12 15 16 23 24 25 26 28 e
0 1 4 5 6 8 9 11 12 15 16 17 23 26 28 e
0 1 4 5 6 8 9 11 12 15 16 20 25 26 28 e
0 1 4 5 6 8 9 11 12 15 16 23 25 26 28 e
0 1 4 5 8 9 11 12 15 16 20 23 25 26 28 e
0 1 4 5 8 9 12 15 16 20 23 24 25 26 28 e
0 1 4 5 6 9 12 15 16 18 21 23 25 26 28 e
0 1 4 5 6 8 9 12 15 16 17 23 25 26 28 e
0 1 4 5 6 8 9 12 15 16 20 23 24 26 28 e
0 1 4 5 6 8 9 11 12 16 20 23 25 26 28 e
0 1 4 5 8 9 11 12 15 16 17 23 25 26 28 e
0 1 5 8 9 12 15 16 17 20 23 24 25 26 28 e
1 5 6 8 9 12 15 16 17 20 23 24 25 26 28 e
0 1 4 5 6 9 11 12 16 17 18 23 25 26 28 e
0 1 5 6 8 9 15 16 17 20 23 24 25 26 28 e
0 1 5 8 9 11 15 16 17 20 23 24 25 26 28 e
0 1 4 5 6 9 12 15 16 17 23 24 25 26 28 e
0 1 4 5 6 8 9 12 15 16 17 20 23 26 28 e
0 1 4 5 6 8 9 12 15 16 21 23 25 26 28 e
0 1 4 5 6 9 11 12 15 16 17 18 23 26 28 e
0 1 5 9 11 12 15 16 17 18 23 24 25 26 28 e
0 1 4 5 6 8 9 12 15 16 17 23 24 26 28 e
0 1 4 5 6 9 12 13 16 18 23 24 25 26 28 e
0 1 4 5 8 9 11 12 15 16 20 23 24 26 28 e
0 1 4 5 8 9 12 15 16 17 20 23 24 26 28 e
0 1 5 8 9 11 12 15 16 17 20 23 24 26 28 e
0 1 5 6 8 9 12 16 17 20 23 24 25 26 28 e
0 1 4 5 8 9 11 12 16 20 23 24 25 26 28 e
0 1 4 5 6 8 9 12 15 16 20 24 25 26 28 e
0 1 4 5 6 8 9 12 15 16 20 21 23 26 28 e
0 5 6 8 9 12 15 16 17 20 23 24 25 26 28 e
0 1 4 5 6 9 11 12 15 16 21 23 25 26 28 e
0 1 4 5 8 9 12 15 16 17 23 24 25 26 28 e
0 1 4 5 6 8 9 11 12 16 17 23 25 26 28 e
1 5 6 8 9 11 15 16 17 20 23 24 25 26 28 e
0 1 4 5 6 8 9 11 15 16 17 23 25 26 28 e
0 1 4 5 6 9 11 12 15 16 17 21 23 26 28 e
0 1 4 5 8 9 12 15 16 21 23 24 25 26 28 e
0 1 4 5 8 9 11 12 15 16 20 21 23 26 28 e
0 1 4 5 8 9 11 12 15 16 23 24 25 26 28 e
0 1 4 5 8 9 11 15 16 20 23 24 25 26 28 e
0 1 4 5 6 8 9 11 12 15 16 21 23 26 28 e
0 1 4 5 6 8 9 15 16 20 23 24 25 26 28 e
0 1 4 5 9 12 15 16 17 21 23 24 25 26 28 e
1 5 6 8 9 11 12 15 16 17 20 23 26 27 28 e
0 1 4 5 6 8 9 12 16 20 23 24 25 26 28 e
0 5 8 9 11 12 15 16 17 20 23 24 25 26 28 e
0 1 4 5 6 8 9 12 15 16 20 21 25 26 28 e
0 1 5 8 9 11 12 16 17 20 23 24 25 26 28 e
0 1 4 5 9 11 12 16 17 18 23 24 25 26 28 e
0 1 4 5 6 9 11 12 16 18 21 23 25 26 28 e
0 1 5 9 11 12 13 16 17 18 23 24 25 26 28 e
0 1 5 6 8 9 12 15 17 20 23 25 26 27 28 e
0 1 4 5 8 9 12 15 16 17 21 23 25 26 28 e
0 1 4 5 6 9 11 12 15 17 21 23 25 26 28 e
0 1 4 5 8 9 11 12 16 17 23 24 25 26 28 e
0 1 5 6 8 9 11 12 15 17 20 23 26 27 28 e
0 1 4 5 8 9 12 15 16 20 21 23 25 26 28 e
0 5 6 8 9 11 12 15 16 20 21 23 25 26 28 e
0 1 4 5 8 9 11 12 15 16 17 21 23 26 28 e
0 1 4 5 6 9 12 15 16 21 23 24 25 26 28 e
0 1 4 5 8 9 12 15 16 20 21 23 24 26 28 e
0 1 4 5 8 9 11 12 15 16 20 21 25 26 28 e
0 1 4 5 8 9 11 12 15 16 21 23 25 26 28 e
0 1 4 5 6 8 9 12 15 16 21 23 24 26 28 e
0 1 4 5 8 9 11 15 16 17 20 23 24 26 28 e
0 1 4 5 6 8 9 12 16 17 23 24 25 26 28 e
0 1 4 5 6 8 9 12 15 20 23 25 26 27 28 e
0 1 4 5 6 8 9 11 12 16 17 20 23 26 28 e
0 1 4 5 8 9 11 15 16 17 23 24 25 26 28 e
0 1 4 5 6 8 9 11 12 15 21 23 25 26 28 e
0 1 4 5 8 9 11 12 16 20 21 23 25 26 28 e
0 1 4 5 6 8 9 11 12 15 20 23 26 27 28 e
1 5 6 8 9 11 12 16 17 20 23 25 26 27 28 e
0 1 4 5 6 8 9 11 12 15 20 21 25 26 28 e
0 1 4 5 6 8 9 11 12 15 16 21 25 26 28 e
0 5 8 9 11 12 15 16 20 21 23 24 25 26 28 e
0 1 4 5 9 11 12 16 17 21 23 24 25 26 28 e
0 1 4 5 6 8 9 12 15 16 21 24 25 26 28 e
0 1 4 5 8 9 11 12 16 20 21 23 24 26 28 e
0 1 4 5 8 9 11 12 16 17 20 23 24 26 28 e
0 1 4 5 8 9 11 15 16 20 21 23 24 26 28 e
0 1 4 5 8 9 12 15 16 20 21 24 25 26 28 e
0 1 4 5 6 9 12 15 16 17 18 23 24 26 28 e
0 1 4 5 8 9 11 12 16 20 21 24 25 26 28 e
