100
0 2 3 8 9 12 13 14 18 20 21 22 24 28 29 e
0 2 3 8 12 13 14 15 18 19 20 21 24 28 29 e
0 2 3 8 9 12 13 14 18 19 20 21 24 28 29 e
0 2 3 8 9 12 13 18 19 20 21 22 24 28 29 e
0 2 3 8 10 12 13 14 18 19 20 21 24 28 29 e
0 2 3 8 10 12 13 14 18 20 21 22 24 28 29 e
0 2 3 8 10 12 13 18 19 20 21 22 24 28 29 e
0 2 3 8 12 13 15 18 19 20 21 22 24 28 29 e
0 2 3 8 9 12 13 15 18 19 20 21 22 24 28 e
0 2 3 8 9 12 13 15 18 19 20 21 22 24 29 e
0 2 3 8 12 13 14 18 19 20 21 22 24 28 29 e
2 3 8 9 12 13 15 18 19 20 21 22 24 28 29 e
0 2 3 4 8 9 12 13 18 20 21 22 24 28 29 e
2 3 8 9 12 13 14 15 18 19 20 21 24 28 29 e
0 2 3 8 9 12 13 14 15 18 19 20 21 24 28 e
0 2 3 8 9 12 13 15 18 20 21 22 24 28 29 e
0 2 3 8 10 12 13 14 15 18 20 21 24 28 29 e
0 2 3 4 8 12 13 14 18 20 21 22 24 28 29 e
0 2 3 8 10 12 13 15 18 20 21 22 24 28 29 e
0 2 3 4 8 12 13 18 19 20 21 22 24 28 29 e
0 2 3 8 9 12 13 14 15 18 20 21 22 24 28 e
2 3 8 9 12 13 15 16 18 19 20 21 22 24 29 e
2 3 8 9 12 13 15 16 18 19 20 21 24 28 29 e
2 3 8 9 12 13 14 15 18 20 21 22 24 28 29 e
0 3 8 10 12 13 14 15 18 19 20 21 24 28 29 e
0 2 3 8 10 12 13 15 18 19 20 21 22 24 29 e
0 3 8 9 12 13 15 18 19 20 21 22 24 28 29 e
0 3 8 10 12 13 15 18 19 20 21 22 24 28 29 e
0 2 3 4 8 9 12 13 15 18 20 21 22 24 29 e
0 2 3 8 10 12 13 14 16 18 19 21 24 28 29 e
0 2 3 8 9 12 13 14 15 18 20 21 24 28 29 e
0 2 3 8 12 13 14 16 18 19 21 22 24 28 29 e
0 2 3 4 8 9 12 13 18 19 20 21 22 24 29 e
2 3 8 10 12 13 14 15 18 19 20 21 24 28 29 e
0 2 3 4 8 12 13 15 18 20 21 22 24 28 29 e
0 3 8 9 10 12 13 15 18 19 20 21 24 28 29 e
2 3 8 9 10 12 13 14 18 19 20 21 24 28 29 e
0 2 3 4 8 9 12 13 15 18 20 21 22 24 28 e
0 2 3 8 10 13 14 15 18 20 21 22 24 28 29 e
0 2 3 4 8 9 12 13 15 18 19 20 21 22 24 e
0 2 3 8 10 12 13 16 18 19 21 22 24 28 29 e
0 2 3 8 9 12 13 14 16 18 21 22 24 28 29 e
2 3 8 10 12 13 15 16 18 19 20 21 22 24 29 e
0 2 3 8 9 13 14 15 18 20 21 22 24 28 29 e
2 3 4 8 9 12 13 15 18 20 21 22 24 28 29 e
0 3 8 10 12 13 14 15 18 20 21 22 24 28 29 e
2 3 8 10 12 13 15 16 18 19 20 21 24 28 29 e
0 2 3 8 9 10 12 13 15 18 20 21 22 24 28 e
0 2 3 8 10 12 13 14 16 18 21 22 24 28 29 e
0 2 3 7 8 12 14 15 18 19 20 21 24 28 29 e
0 2 3 8 9 10 12 13 14 18 19 20 21 24 28 e
2 8 9 10 12 13 16 18 19 20 21 22 24 28 29 e
0 2 3 8 9 12 13 14 18 19 20 21 22 24 28 e
0 2 3 8 10 12 13 14 15 18 20 21 22 24 28 e
2 3 4 8 12 13 14 16 18 20 21 22 24 28 29 e
0 2 3 7 8 9 12 15 18 19 20 22 24 28 29 e
2 3 4 8 9 12 13 15 18 19 20 21 22 24 29 e
0 2 3 7 8 12 15 18 19 20 21 22 24 28 29 e
0 2 3 8 9 10 12 13 14 15 18 20 21 24 28 e
0 2 3 4 8 9 13 14 15 18 20 21 22 24 28 e
0 2 3 4 8 10 12 13 15 18 20 21 22 24 29 e
0 2 3 4 8 12 13 16 18 19 21 22 24 28 29 e
0 3 8 9 10 12 13 14 15 18 19 20 21 24 28 e
0 3 8 9 10 12 13 15 18 19 20 21 22 24 29 e
2 8 10 12 13 14 15 16 18 19 20 21 24 28 29 e
2 8 10 12 13 14 15 16 18 20 21 22 24 28 29 e
2 3 8 9 10 12 13 15 18 20 21 22 24 28 29 e
2 7 8 12 13 15 16 18 19 20 21 22 24 28 29 e
2 3 7 8 12 13 15 16 18 19 20 21 22 24 29 e
0 2 3 4 8 10 12 13 18 19 20 21 22 24 29 e
0 3 4 8 10 12 13 15 18 20 21 22 24 28 29 e
2 7 8 12 13 14 15 16 18 19 20 21 24 28 29 e
0 2 3 4 8 10 12 13 15 18 20 21 22 24 28 e
2 8 9 12 13 15 16 18 19 20 21 22 24 28 29 e
2 3 7 8 9 12 15 18 19 20 21 22 24 28 29 e
3 8 10 12 13 15 16 18 19 20 21 22 24 28 29 e
0 3 4 8 9 10 12 13 15 18 20 21 22 24 29 e
2 8 10 12 13 15 16 18 19 20 21 22 24 28 29 e
0 2 3 4 8 12 13 14 16 18 21 22 24 28 29 e
0 2 3 4 7 8 12 15 18 20 21 22 24 28 29 e
2 3 7 8 9 12 14 15 18 19 20 21 24 28 29 e
2 4 8 9 12 13 15 16 18 19 20 21 22 24 29 e
0 3 4 8 10 12 13 15 18 19 20 21 22 24 29 e
0 2 3 4 8 10 12 13 16 18 21 22 24 28 29 e
0 2 3 4 8 12 15 18 19 20 21 22 24 28 29 e
3 8 9 10 12 13 14 15 18 20 21 22 24 28 29 e
0 2 3 7 8 12 14 15 18 19 20 24 26 28 29 e
0 2 3 7 8 12 15 18 19 20 22 24 26 28 29 e
0 2 3 7 8 9 12 14 15 18 19 20 24 28 29 e
2 8 9 10 12 13 15 16 18 19 20 21 22 24 29 e
0 3 4 8 9 10 12 13 15 18 20 21 22 24 28 e
2 4 8 9 12 13 15 16 18 20 21 22 24 28 29 e
0 3 4 8 9 10 13 14 15 18 20 21 22 24 28 e
0 2 3 4 7 8 12 13 14 16 18 20 22 28 29 e
0 2 3 4 8 12 13 18 19 20 21 22 24 25 28 e
2 3 4 7 8 12 14 16 18 20 21 22 24 28 29 e
0 2 3 8 12 13 14 15 18 20 21 22 24 28 29 e
2 3 8 10 12 13 15 18 19 20 21 22 24 28 29 e
2 8 9 10 12 13 14 16 18 19 20 21 24 28 29 e
0 2 3 4 8 9 12 14 18 20 21 22 24 28 29 e
