100
4 11 13 20 e
4 6 13 20 e
2 4 13 20 e
4 11 12 13 e
2 4 11 13 e
11 13 14 20 e
2 4 12 13 e
4 6 11 13 e
11 12 13 14 e
6 13 14 20 e
2 13 14 20 e
7 11 13 20 e
6 12 13 14 e
6 11 13 14 e
2 4 6 13 e
2 11 13 14 e
11 13 20 23 e
2 12 13 14 e
2 7 13 20 e
6 7 13 20 e
2 13 20 23 e
4 7 11 20 e
13 14 20 24 e
2 7 11 13 e
6 13 20 23 e
4 10 13 20 e
2 6 13 20 e
6 11 13 23 e
8 11 13 20 e
4 13 14 20 e
4 11 14 20 e
2 11 13 20 e
2 11 13 23 e
2 7 12 13 e
4 13 18 20 e
6 7 11 13 e
7 11 12 13 e
11 12 13 23 e
2 6 13 14 e
6 11 13 20 e
4 11 13 14 e
2 13 14 24 e
6 8 13 20 e
8 11 12 13 e
4 10 12 13 e
13 14 18 20 e
4 6 7 20 e
2 12 13 23 e
4 11 12 14 e
6 7 12 13 e
2 8 13 20 e
4 6 14 20 e
2 4 7 20 e
2 11 12 13 e
10 11 13 14 e
6 8 11 13 e
2 6 11 13 e
4 12 13 14 e
2 11 13 24 e
4 7 11 12 e
2 8 11 13 e
4 6 7 11 e
6 11 12 13 e
2 4 7 11 e
2 4 14 20 e
11 13 14 23 e
2 4 7 12 e
2 13 20 24 e
2 6 7 13 e
6 8 12 13 e
4 6 11 14 e
10 13 14 20 e
2 4 11 14 e
2 8 12 13 e
2 6 13 24 e
11 13 14 18 e
2 4 12 14 e
10 11 13 20 e
13 14 20 23 e
2 4 6 7 e
2 6 13 23 e
10 12 13 14 e
6 10 13 14 e
8 11 13 14 e
2 6 8 13 e
8 13 14 20 e
2 10 11 13 e
7 8 11 20 e
2 4 13 14 e
2 4 6 14 e
2 4 14 24 e
4 7 14 20 e
2 4 6 20 e
2 7 20 23 e
2 4 11 20 e
2 7 11 23 e
7 11 13 14 e
4 6 20 23 e
6 7 8 20 e
4 10 11 14 e
