100
1 2 3 4 10 12 17 20 e
1 2 3 4 10 12 17 28 e
1 2 3 4 10 12 17 20 28 e
1 2 3 4 10 12 27 28 e
1 2 3 4 10 12 15 17 20 e
1 2 3 4 5 10 17 20 e
1 2 3 4 10 12 17 27 e
1 2 3 4 10 12 17 20 27 e
1 2 3 4 5 10 17 20 28 e
1 2 3 4 5 10 17 28 e
1 2 3 4 10 12 15 17 20 28 e
1 2 3 4 5 10 17 27 e
1 2 3 4 10 12 17 27 28 e
1 2 3 4 10 12 26 27 e
1 2 3 4 5 10 27 28 e
1 2 3 4 10 12 17 20 27 28 e
1 2 3 4 5 10 17 20 27 e
1 2 3 4 5 10 17 27 28 e
1 2 4 5 9 10 12 15 17 20 25 e
1 2 3 4 10 12 15 17 20 25 e
1 2 3 4 5 10 26 27 e
1 2 3 4 5 10 12 e
1 2 3 4 10 12 26 27 28 e
1 2 3 4 5 10 15 17 20 e
1 2 3 5 8 10 12 15 17 20 25 e
1 2 3 4 10 12 17 26 27 e
1 2 3 4 5 10 15 17 20 25 e
1 2 3 5 8 10 12 17 18 20 29 e
1 2 3 4 5 10 15 17 20 27 e
1 2 3 4 10 12 15 17 20 27 e
1 2 3 5 8 10 12 15 17 20 28 e
1 2 4 5 9 10 12 15 17 20 28 e
1 2 3 5 8 10 12 15 17 18 20 e
1 2 3 4 5 10 17 26 27 e
1 2 3 5 8 10 12 17 20 27 28 e
1 2 3 4 5 10 17 20 27 28 e
1 2 3 5 8 10 12 17 18 20 28 e
1 2 3 5 8 10 12 15 17 20 27 e
1 2 3 4 10 12 17 20 26 27 e
1 2 3 4 10 12 17 26 27 28 e
1 2 3 5 8 10 12 17 18 20 27 e
1 2 3 4 10 14 15 17 20 25 26 27 e
1 2 3 4 5 10 26 27 28 e
1 2 3 5 8 10 12 17 18 27 28 e
1 2 3 5 8 10 12 17 18 28 29 e
1 2 3 4 9 10 12 e
1 2 3 5 8 10 12 17 18 27 29 e
1 2 4 5 8 9 10 12 e
1 2 3 4 5 10 15 17 20 28 e
1 2 3 4 5 10 14 26 27 e
1 2 3 4 10 12 15 17 20 25 27 e
1 2 3 4 5 10 12 17 20 e
1 2 3 5 8 10 12 15 17 20 25 28 e
1 2 4 5 9 10 12 15 17 20 25 28 e
1 2 3 4 10 12 14 26 27 e
1 2 3 4 5 10 12 28 e
1 2 3 5 8 10 12 17 18 26 27 e
1 2 3 5 8 10 12 15 17 18 20 25 e
1 2 3 5 8 10 12 15 17 20 27 28 e
1 2 3 4 10 12 15 17 20 26 27 e
1 2 3 4 5 8 10 e
1 2 3 5 8 10 12 15 17 20 25 27 e
1 2 3 5 8 10 12 17 18 20 27 28 e
1 2 3 4 5 10 12 27 e
1 2 3 4 10 12 14 17 26 27 e
1 2 3 5 8 10 12 18 27 28 29 e
1 2 3 5 8 10 12 17 18 20 27 29 e
1 2 3 5 8 10 12 15 17 18 20 27 e
1 2 3 5 8 10 12 17 20 26 27 28 e
1 2 3 5 8 10 12 15 17 18 20 29 e
1 2 3 5 8 10 12 15 17 18 20 28 e
1 2 3 4 10 12 14 26 27 28 e
1 2 3 4 9 10 12 17 e
1 2 3 5 8 10 12 18 26 27 29 e
1 2 3 4 9 10 12 28 e
1 2 3 5 8 10 12 18 26 27 28 e
1 2 3 4 5 10 14 26 27 28 e
1 2 3 5 8 10 12 17 18 27 28 29 e
1 2 4 5 8 9 10 12 17 e
1 2 3 5 8 10 12 14 18 26 27 e
1 2 3 5 8 10 12 14 26 27 28 e
1 2 4 5 9 10 11 12 e
1 2 3 4 9 10 12 27 e
1 2 3 4 5 10 12 27 28 e
1 2 4 5 8 9 10 12 18 e
1 2 3 4 5 8 10 27 e
1 2 3 4 5 8 10 28 e
1 2 3 5 8 9 10 12 27 e
1 2 3 5 8 9 10 12 18 e
1 2 4 5 8 9 10 12 28 e
1 2 3 4 9 10 12 17 27 e
1 2 3 5 8 10 12 18 26 27 28 29 e
1 2 3 5 8 10 12 14 18 26 27 29 e
1 2 4 5 8 9 10 12 18 29 e
1 2 3 4 5 8 10 18 29 e
1 2 3 4 10 15 17 20 25 26 27 e
1 2 3 4 10 14 15 17 20 26 27 e
1 2 3 4 10 15 17 20 26 27 28 e
1 2 3 4 10 14 17 20 26 27 28 e
1 2 3 4 10 15 17 20 25 27 28 e
