100
2 3 6 7 8 9 10 13 15 17 e
2 3 6 7 8 10 14 15 17 18 e
2 3 4 6 7 8 10 15 17 19 e
2 3 4 6 7 8 10 15 17 18 e
2 3 6 7 8 10 13 15 17 19 e
2 3 6 7 8 9 10 14 15 17 e
2 3 4 6 7 8 13 15 17 18 e
2 3 6 8 10 11 13 15 17 19 e
2 3 6 8 10 11 14 15 17 18 e
2 3 6 7 8 10 11 15 17 18 e
2 3 4 6 7 8 13 15 17 19 e
2 3 6 7 8 9 11 14 15 17 e
2 3 6 8 9 10 11 14 15 17 e
2 3 4 6 7 8 11 15 17 18 e
2 3 6 7 8 11 14 15 17 18 e
2 3 4 6 7 8 14 15 17 18 e
2 3 4 6 8 9 10 14 15 17 e
2 3 4 6 8 10 14 15 17 18 e
2 3 6 8 9 10 11 13 15 17 e
2 4 6 7 8 10 14 15 17 18 e
2 3 6 7 8 10 13 14 15 17 e
2 3 4 6 7 8 10 14 15 17 e
2 3 4 6 8 10 13 15 17 18 e
2 3 4 6 7 8 9 13 15 17 e
2 3 6 7 8 9 10 15 17 18 e
2 3 4 6 7 8 9 10 15 17 e
2 3 4 6 8 9 10 11 15 17 e
2 3 4 6 8 10 13 15 17 19 e
2 4 6 7 8 10 13 15 17 18 e
2 3 4 6 8 10 15 17 18 19 e
2 3 4 6 8 10 11 15 17 18 e
2 3 6 7 8 10 11 14 15 17 e
2 3 4 6 7 8 9 14 15 17 e
2 3 4 6 8 11 14 15 17 18 e
2 6 7 8 10 11 13 15 17 19 e
2 3 4 6 7 8 13 14 15 17 e
2 3 4 6 8 11 13 15 17 18 e
2 4 6 7 8 10 13 15 17 19 e
2 3 4 6 8 9 10 15 17 19 e
2 3 6 7 8 10 15 17 18 19 e
2 3 4 6 7 8 9 15 17 18 e
2 3 4 6 8 10 11 15 17 19 e
2 3 6 8 9 10 11 15 17 18 e
2 3 4 6 7 8 9 11 15 17 e
2 3 6 7 8 9 11 15 17 19 e
2 3 4 6 7 8 11 14 15 17 e
2 3 4 6 8 11 13 15 17 19 e
2 3 6 7 8 9 10 11 15 17 e
2 3 4 6 8 9 11 13 15 17 e
2 3 6 8 10 11 13 14 15 17 e
2 3 6 8 10 11 14 15 17 19 e
2 3 4 6 8 9 10 13 15 17 e
2 4 6 7 8 10 13 14 15 17 e
2 4 6 8 10 11 14 15 17 18 e
2 3 4 6 8 9 10 15 17 18 e
2 6 7 8 10 11 14 15 17 18 e
2 4 6 8 10 13 14 15 17 18 e
2 3 6 7 8 9 11 15 17 18 e
2 4 6 8 9 10 11 14 15 17 e
2 6 7 8 9 10 13 15 17 18 e
2 6 7 8 9 10 14 15 17 18 e
2 3 4 6 8 10 11 14 15 17 e
2 4 6 8 9 10 13 14 15 17 e
2 3 4 6 8 10 13 14 15 17 e
2 4 6 7 8 10 11 15 17 19 e
2 3 4 6 7 8 10 13 15 17 e
2 4 6 8 10 11 15 17 18 19 e
2 6 7 8 9 10 11 14 15 17 e
2 3 4 6 8 13 14 15 17 18 e
2 3 4 6 7 8 10 14 17 18 e
2 3 4 6 7 8 11 13 15 17 e
2 3 4 6 8 11 13 14 15 17 e
2 4 6 7 8 9 10 13 15 17 e
3 6 7 8 9 10 13 14 15 17 e
2 3 4 6 7 8 10 13 17 18 e
2 3 4 6 7 8 13 14 17 18 e
2 4 6 8 10 11 13 15 17 18 e
2 3 4 6 7 8 11 14 15 18 e
2 4 6 7 8 10 11 15 17 18 e
2 3 4 6 8 10 11 13 15 17 e
2 3 4 6 7 8 11 13 15 18 e
2 3 4 6 7 8 11 14 17 18 e
2 3 4 6 8 10 13 14 17 18 e
2 4 6 8 10 11 13 14 15 17 e
2 3 4 6 7 8 10 13 14 17 e
2 3 6 7 9 10 11 14 15 17 e
2 3 6 7 9 10 11 13 15 17 e
2 3 4 6 7 10 14 15 17 18 e
2 4 6 7 8 10 13 14 17 18 e
2 3 4 6 8 11 13 14 17 18 e
2 3 6 7 9 10 13 14 15 17 e
2 3 6 7 10 11 14 15 17 18 e
2 3 4 6 7 9 10 14 15 17 e
2 3 4 6 7 8 11 13 17 18 e
2 3 4 6 7 10 13 15 17 18 e
2 3 4 6 8 10 11 14 17 18 e
2 3 4 6 7 8 10 11 17 19 e
2 3 4 6 7 9 10 11 15 17 e
2 3 4 6 9 10 11 14 15 17 e
2 3 6 7 8 10 14 15 17 19 e
