100
0 1 2 3 5 6 7 8 9 10 11 12 13 14 15 16 17 18 19 21 22 23 24 e
0 1 2 3 5 6 7 8 9 10 11 13 14 15 16 17 18 19 21 22 23 24 e
1 2 3 4 5 6 7 8 9 10 11 12 13 14 15 16 17 18 19 21 22 23 24 e
1 2 3 4 5 6 7 8 9 10 11 12 13 14 15 16 17 18 19 20 21 22 23 24 e
1 2 3 5 6 7 8 9 10 11 13 14 15 16 17 18 19 21 22 23 24 e
1 2 3 5 6 7 8 9 10 11 12 13 14 15 16 17 18 19 21 23 24 e
1 2 3 4 5 6 7 8 9 10 11 12 13 14 15 16 17 18 19 21 23 24 e
0 1 2 3 5 6 7 8 9 10 11 13 14 16 17 18 19 21 22 23 24 e
1 2 3 5 6 7 8 9 10 11 12 13 14 15 16 17 18 19 21 22 23 24 e
1 2 3 4 5 6 7 8 9 10 11 12 13 14 15 16 18 19 20 21 22 23 24 e
1 2 3 5 6 7 8 9 10 11 13 14 16 17 18 19 21 23 24 e
0 1 2 3 4 5 6 7 8 9 10 11 12 13 14 15 16 18 19 21 22 23 24 e
1 2 3 5 6 7 8 9 10 11 13 14 16 17 18 19 21 22 23 24 e
1 2 3 4 5 6 7 8 9 10 11 12 13 14 15 16 17 18 19 20 21 22 23 e
1 2 3 5 6 7 8 9 10 11 13 14 15 16 17 18 19 21 23 24 e
1 2 3 5 6 7 8 9 10 11 13 14 15 16 18 19 21 22 23 24 e
0 1 2 3 4 5 6 7 8 9 10 11 12 13 14 15 16 17 18 19 21 22 23 24 e
1 2 3 4 5 6 7 8 9 10 11 12 13 14 15 16 18 19 21 22 23 24 e
0 1 2 3 4 5 6 7 8 9 10 11 12 13 14 15 16 17 18 19 20 21 22 23 24 e
1 2 3 5 7 8 9 10 11 12 13 14 15 16 17 18 19 21 23 24 e
1 2 3 4 5 6 7 8 9 10 11 12 13 14 15 16 17 18 19 20 21 23 24 e
0 1 2 3 4 5 6 7 8 9 10 11 12 13 14 15 16 18 19 20 21 22 23 24 e
1 2 3 5 6 7 8 9 10 11 13 14 15 16 18 19 21 23 24 e
1 2 3 4 5 7 8 9 10 11 12 13 14 15 16 17 18 19 21 23 24 e
0 1 2 3 5 6 7 8 9 10 11 12 13 14 15 16 18 19 21 22 23 24 e
1 2 3 5 7 8 9 10 11 13 14 15 16 17 18 19 21 23 24 e
1 2 3 5 6 7 8 9 10 11 13 14 16 18 19 21 22 23 24 e
0 1 2 3 5 6 7 8 9 10 11 13 14 16 17 18 19 22 23 e
1 2 3 5 7 8 9 10 11 13 14 15 16 18 19 21 23 24 e
1 2 3 5 7 8 9 10 11 13 14 16 17 18 19 21 23 24 e
0 1 2 3 5 6 7 8 9 10 11 13 14 15 16 18 19 21 22 23 24 e
1 2 3 4 5 7 8 9 10 11 12 13 14 15 16 17 18 19 20 21 23 24 e
1 2 3 5 6 7 8 9 10 11 12 13 14 15 16 18 19 21 22 23 24 e
1 2 3 4 5 7 8 9 10 11 12 13 14 15 16 18 19 20 21 23 24 e
0 1 2 3 5 6 7 8 9 10 11 13 14 16 18 19 21 22 23 24 e
1 2 3 5 6 7 8 9 10 11 13 14 16 17 18 19 22 23 e
1 2 3 5 6 7 8 9 10 11 13 14 16 18 19 21 23 24 e
1 2 3 5 7 8 9 10 11 12 13 14 15 16 18 19 21 23 24 e
1 2 3 4 5 6 7 8 9 10 11 12 13 14 15 16 18 19 21 23 24 e
1 2 3 4 5 7 8 9 10 11 12 13 14 15 16 18 19 21 23 24 e
0 1 2 3 5 6 7 8 9 10 11 13 14 16 18 19 21 22 23 e
0 1 2 3 5 6 7 8 9 10 11 13 14 16 17 18 19 21 22 23 e
1 2 3 5 7 8 9 10 11 13 14 16 17 18 19 21 23 e
0 1 2 3 4 5 6 7 8 9 10 11 12 13 14 15 16 17 18 19 20 21 22 23 e
1 2 3 4 5 6 7 8 9 10 11 12 13 14 15 16 18 19 20 21 23 24 e
0 1 2 3 4 5 6 7 8 9 10 11 12 13 14 15 16 17 18 19 21 22 23 e
0 1 2 3 5 6 7 8 9 10 11 13 14 15 16 18 19 21 22 23 e
1 2 3 5 6 7 8 9 10 11 13 14 16 17 18 19 21 22 23 e
0 1 2 3 4 5 6 7 8 9 10 11 12 13 14 15 16 18 19 21 22 23 e
1 2 3 4 5 6 7 8 9 10 11 12 13 14 15 16 18 19 21 22 23 e
1 2 3 5 7 8 9 10 11 13 14 16 17 18 19 23 e
1 2 3 5 6 7 8 9 10 11 13 14 15 16 17 18 19 21 23 e
1 2 3 4 5 6 7 8 9 10 11 12 13 14 15 16 17 18 19 20 21 23 e
1 2 3 5 6 7 8 9 10 11 13 14 15 16 18 19 21 22 23 e
1 2 3 5 7 8 9 10 11 13 14 16 18 19 21 23 24 e
1 2 3 5 6 7 8 9 10 11 13 14 16 18 19 21 23 e
1 2 3 5 6 7 8 9 10 11 12 13 14 15 16 18 19 21 23 24 e
1 2 3 4 5 6 7 8 9 10 11 12 13 14 15 16 17 18 19 21 23 e
1 2 3 5 6 7 8 9 10 11 12 13 14 15 16 18 19 21 22 23 e
1 2 3 5 6 7 8 9 10 11 12 13 14 15 16 17 18 19 21 23 e
1 2 3 5 7 8 9 10 11 13 14 15 16 17 18 19 21 23 e
1 2 3 5 6 7 8 9 10 11 13 14 16 18 19 22 23 e
0 1 2 3 5 6 7 8 9 10 11 13 14 15 16 17 18 19 21 22 23 e
1 2 3 5 6 7 8 9 10 11 12 13 14 15 16 17 18 19 21 22 23 e
1 2 3 5 6 7 8 9 10 11 13 14 16 17 18 19 23 e
1 2 3 5 7 8 9 11 12 13 14 15 16 17 18 19 21 23 24 e
0 1 2 3 5 6 7 8 9 10 11 12 13 14 15 16 17 18 19 21 22 23 e
1 2 3 5 6 7 8 9 10 11 13 14 16 17 18 19 21 23 e
1 2 3 4 5 6 7 8 9 10 11 12 13 14 15 16 17 18 19 21 22 23 e
1 2 3 4 5 7 8 9 10 11 12 13 14 15 16 17 18 19 20 21 23 e
1 2 3 5 6 7 8 9 10 11 13 14 15 16 17 18 19 21 22 23 e
1 2 3 5 7 8 9 11 13 14 16 17 18 19 21 23 24 e
1 2 3 4 5 7 8 9 11 12 13 14 15 16 17 18 19 20 21 23 24 e
1 2 3 5 6 7 8 9 10 11 13 14 16 18 19 21 22 23 e
1 2 3 4 5 7 8 9 10 11 12 13 14 15 16 17 18 19 21 23 e
1 2 3 4 5 6 7 8 9 10 11 12 13 14 15 16 18 19 20 21 22 23 e
1 2 3 5 7 8 9 11 13 14 15 16 17 18 19 21 23 24 e
1 2 3 5 7 8 9 10 11 13 14 15 16 17 18 19 23 e
1 2 3 5 7 8 9 10 11 12 13 14 15 16 17 18 19 23 e
1 2 3 4 5 7 8 9 11 12 13 14 15 16 17 18 19 21 23 24 e
0 1 2 3 4 5 6 7 8 9 10 11 12 13 14 15 16 18 19 20 21 22 23 e
1 2 3 4 5 7 8 9 10 11 12 13 14 15 16 17 18 19 23 e
1 2 3 5 7 8 9 10 11 12 13 14 15 16 17 18 19 21 23 e
1 2 3 4 5 7 8 9 10 11 12 13 14 15 16 17 18 19 20 23 e
0 1 2 3 5 6 7 8 9 10 11 12 13 14 15 16 18 19 21 22 23 e
1 2 3 5 7 8 9 10 11 12 13 14 15 16 18 19 21 23 e
1 2 3 5 7 8 9 10 11 13 14 16 18 19 21 23 e
1 2 3 4 5 7 8 9 10 11 12 13 14 15 16 18 19 20 21 23 e
1 2 3 4 5 7 8 9 10 11 12 13 14 15 16 18 19 21 23 e
1 2 3 5 7 8 9 11 13 14 16 17 18 19 21 23 e
1 2 3 5 7 8 9 10 11 13 14 16 18 19 23 e
1 2 3 5 7 8 9 11 13 14 16 17 18 19 23 e
1 2 3 5 7 8 9 10 11 13 14 15 16 18 19 21 23 e
1 2 3 4 5 7 8 9 11 12 13 14 15 16 17 18 19 21 23 e
1 2 3 5 7 8 9 11 13 14 15 16 18 19 21 23 24 e
1 2 3 5 7 8 9 11 13 14 16 18 19 21 23 24 e
1 2 3 5 7 8 9 11 12 13 14 15 16 17 18 19 21 23 e
1 2 3 4 5 7 8 9 11 12 13 14 15 16 17 18 19 20 21 23 e
1 2 3 5 7 8 9 11 13 14 15 16 17 18 19 21 23 e
1 2 3 5 7 9 10 11 13 14 16 17 18 19 21 23 24 e
