100
0 2 11 19 e
0 2 15 19 e
2 3 9 19 e
0 2 3 19 e
2 15 16 19 e
2 11 16 19 e
2 9 15 19 e
2 9 11 19 e
2 3 15 19 e
2 13 15 19 e
0 2 3 15 e
2 4 16 19 e
2 3 16 19 e
2 11 14 19 e
2 5 11 19 e
0 2 9 19 e
2 6 9 19 e
2 14 15 19 e
2 9 16 19 e
2 5 15 19 e
2 3 7 19 e
2 3 14 19 e
2 3 17 19 e
2 9 10 19 e
0 1 2 19 e
2 11 15 19 e
2 3 9 10 e
2 15 18 19 e
0 2 10 15 e
2 3 11 16 e
2 3 15 16 e
2 7 11 19 e
2 9 18 19 e
0 2 3 11 e
2 10 15 19 e
2 7 15 19 e
0 2 12 19 e
0 2 6 19 e
2 4 9 19 e
2 9 10 11 e
0 2 10 11 e
0 2 17 19 e
2 15 17 19 e
2 10 15 16 e
1 2 16 19 e
2 6 15 19 e
0 2 6 15 e
0 2 3 9 e
2 9 12 19 e
0 2 10 19 e
2 11 17 19 e
2 3 9 15 e
2 10 13 19 e
2 3 9 16 e
2 3 10 15 e
2 16 17 19 e
2 3 9 18 e
1 2 4 19 e
1 2 9 19 e
2 3 9 11 e
0 2 3 10 e
1 2 3 19 e
2 10 11 13 e
2 8 9 19 e
2 3 6 9 e
2 10 13 15 e
3 14 15 19 e
2 10 11 19 e
2 12 16 19 e
0 2 13 19 e
0 1 2 3 e
2 11 13 19 e
0 2 7 19 e
0 2 18 19 e
2 13 16 19 e
2 3 11 14 e
1 2 13 19 e
2 3 10 13 e
2 7 10 19 e
2 4 15 19 e
2 6 7 19 e
0 2 3 6 e
2 10 16 19 e
2 9 10 16 e
2 17 18 19 e
2 10 17 19 e
2 4 7 19 e
2 3 10 16 e
2 3 10 11 e
2 6 14 19 e
2 7 18 19 e
2 12 15 19 e
0 10 15 19 e
2 7 16 19 e
0 10 11 19 e
0 2 3 18 e
2 5 10 19 e
2 5 6 19 e
10 11 16 19 e
2 8 15 19 e
