100
4 5 6 7 8 e
2 4 5 6 8 e
1 4 5 6 8 e
3 4 5 6 8 e
1 2 4 5 8 e
3 4 5 7 8 e
2 4 5 7 8 e
1 3 4 5 8 e
0 2 4 5 8 e
2 3 4 5 8 e
1 2 4 5 6 e
0 3 4 5 8 e
1 3 4 5 6 e
0 4 5 7 8 e
1 3 4 6 8 e
2 4 6 7 8 e
2 3 4 6 8 e
1 4 5 6 7 e
2 4 5 6 7 e
2 5 6 7 8 e
0 4 5 6 7 e
1 2 4 6 8 e
3 5 6 7 8 e
0 1 2 4 5 e
1 5 6 7 8 e
3 4 5 6 7 e
3 4 6 7 8 e
1 2 5 7 8 e
0 4 5 6 8 e
0 2 4 5 6 e
4 5 6 8 9 e
1 4 5 7 8 e
0 1 4 5 8 e
0 2 4 6 8 e
0 1 3 4 5 e
0 3 4 6 8 e
0 2 4 5 7 e
1 3 5 7 8 e
1 2 3 4 5 e
2 4 5 8 9 e
0 3 4 5 7 e
0 2 3 4 5 e
2 3 4 5 6 e
3 4 5 8 9 e
0 3 4 5 6 e
0 4 6 7 8 e
2 4 5 6 9 e
2 3 5 7 8 e
0 3 5 7 8 e
0 1 4 5 6 e
0 2 5 7 8 e
1 2 4 5 7 e
1 2 5 6 7 e
1 3 4 5 7 e
1 3 5 6 7 e
2 3 4 5 7 e
3 4 5 6 9 e
0 1 4 5 7 e
1 4 6 7 8 e
0 1 3 4 6 e
1 2 5 6 8 e
0 5 6 7 8 e
0 1 4 6 8 e
3 4 6 8 9 e
1 2 6 7 8 e
0 2 4 6 7 e
1 3 6 7 8 e
0 3 4 6 7 e
2 4 6 8 9 e
0 1 2 4 6 e
0 4 5 8 9 e
2 3 4 5 9 e
1 2 3 4 6 e
0 2 3 4 6 e
1 3 4 6 7 e
4 5 7 8 9 e
0 2 3 4 8 e
1 2 4 6 7 e
0 1 2 5 7 e
2 5 7 8 9 e
1 3 4 5 9 e
3 5 7 8 9 e
1 3 5 6 8 e
1 2 3 4 8 e
2 4 5 7 9 e
5 6 7 8 9 e
1 4 5 8 9 e
0 1 3 5 7 e
2 3 4 6 7 e
1 2 4 5 9 e
0 2 3 5 7 e
1 2 3 5 7 e
3 4 5 7 9 e
0 2 4 5 9 e
2 3 4 6 9 e
0 4 6 8 9 e
2 5 6 8 9 e
2 3 5 7 9 e
2 4 6 7 9 e
0 1 2 4 7 e
