100
0 3 6 9 10 11 12 15 19 20 22 23 24 26 27 e
0 2 3 6 9 10 11 12 15 20 22 23 24 26 27 e
0 5 6 9 10 11 12 15 19 20 22 23 24 26 27 e
0 3 5 6 9 10 11 15 19 20 22 23 24 26 27 e
0 3 6 9 10 11 15 19 20 21 22 23 24 26 27 e
0 6 9 10 11 12 15 18 19 20 22 23 24 26 27 e
0 5 6 9 10 11 15 18 19 20 22 23 24 26 27 e
0 2 3 5 6 9 10 11 15 20 22 23 24 26 27 e
0 3 6 9 10 11 15 18 19 20 22 23 24 26 27 e
0 2 3 6 9 10 11 15 19 20 21 22 23 26 27 e
0 6 9 10 11 15 18 19 20 21 22 23 24 26 27 e
0 3 5 6 9 10 11 15 20 22 23 24 26 27 29 e
0 5 6 9 10 11 15 19 20 21 22 23 24 26 27 e
0 2 3 6 9 10 11 15 19 20 22 23 24 26 27 e
0 5 6 9 10 12 15 18 19 20 22 23 24 26 27 e
0 1 3 6 9 10 11 15 19 20 22 23 24 26 27 e
0 3 5 6 9 10 11 12 19 20 22 23 24 26 27 e
0 3 5 6 7 9 10 11 15 20 23 24 26 27 29 e
0 2 3 5 6 9 10 11 15 19 20 22 23 26 27 e
0 3 5 6 10 11 15 19 20 22 23 24 26 27 29 e
0 2 6 9 10 11 15 18 19 20 21 22 23 26 27 e
0 3 6 9 10 11 12 15 18 20 22 23 24 26 27 e
0 1 3 6 9 10 11 12 19 20 22 23 24 26 27 e
0 5 6 9 10 11 12 15 20 22 23 24 26 27 29 e
0 5 6 9 10 11 15 19 20 22 23 24 26 27 29 e
0 2 3 6 9 11 12 15 19 20 22 23 24 26 27 e
0 3 5 6 7 9 10 11 15 19 20 22 23 26 27 e
0 1 3 5 6 9 10 11 19 20 22 23 24 26 27 e
0 5 6 9 10 11 15 18 19 20 23 24 26 27 29 e
0 3 5 6 9 10 11 15 19 20 22 23 26 27 29 e
0 1 3 5 6 9 10 11 15 19 20 23 24 26 27 e
0 3 5 6 10 11 12 15 19 20 22 23 24 26 27 e
0 3 6 7 9 10 11 15 19 20 21 22 23 26 27 e
0 5 6 9 10 11 15 18 20 22 23 24 26 27 29 e
0 2 3 5 6 9 11 15 19 20 22 23 24 26 27 e
0 3 6 9 10 11 15 19 20 21 22 23 26 27 29 e
0 5 6 9 10 12 15 18 20 22 23 24 26 27 29 e
0 2 3 6 7 9 10 11 15 19 20 22 23 26 27 e
0 3 4 6 9 10 11 15 19 20 22 23 24 26 27 e
0 3 5 6 9 10 11 15 18 19 20 23 24 26 27 e
0 3 5 6 9 10 11 19 20 22 23 24 26 27 29 e
0 5 6 10 11 12 15 19 20 22 23 24 26 27 29 e
0 3 5 6 9 10 11 14 15 19 20 23 26 27 29 e
0 3 5 6 9 10 11 12 20 22 23 24 26 27 29 e
0 2 5 6 9 10 11 15 18 19 20 22 23 26 27 e
0 3 5 6 7 10 11 15 19 20 23 24 26 27 29 e
0 5 6 7 9 10 11 15 20 22 23 24 26 27 29 e
0 3 5 6 9 11 15 19 20 22 23 24 26 27 29 e
0 5 6 9 10 12 15 19 20 22 23 24 26 27 29 e
0 5 6 9 10 15 18 19 20 22 23 24 26 27 29 e
0 2 5 6 9 11 12 15 19 20 22 23 24 26 27 e
0 2 6 7 9 10 11 15 18 19 20 21 23 26 27 e
0 5 6 7 9 10 11 15 19 20 23 24 26 27 29 e
0 2 3 5 6 9 10 11 15 20 22 23 26 27 29 e
0 5 6 9 10 11 15 18 19 20 22 23 26 27 29 e
0 2 5 6 9 12 15 18 19 20 22 23 24 26 27 e
0 5 6 9 10 12 15 18 19 22 23 24 26 27 29 e
0 2 3 5 6 9 11 15 19 20 21 23 24 26 27 e
0 5 6 9 10 15 18 19 20 21 22 23 24 26 27 e
0 5 6 7 9 10 11 15 19 20 21 22 23 26 27 e
0 3 6 7 9 10 11 15 18 19 20 22 23 26 27 e
0 5 6 7 9 10 11 15 18 19 20 22 23 26 27 e
0 3 5 6 7 9 10 11 20 22 23 24 26 27 29 e
0 2 3 5 6 9 11 15 19 20 23 24 26 27 29 e
0 2 5 6 9 11 15 18 19 20 22 23 24 26 27 e
0 3 5 6 9 10 11 15 18 19 20 22 23 26 27 e
0 5 6 7 9 10 12 15 18 22 23 24 26 27 29 e
0 6 7 9 10 11 15 18 19 20 21 22 23 26 27 e
0 2 3 6 10 11 15 20 21 22 23 24 26 27 29 e
0 5 6 7 10 11 15 19 20 22 23 24 26 27 29 e
0 5 6 9 10 11 15 19 20 22 23 25 26 27 29 e
0 2 3 5 6 9 11 12 19 20 22 23 24 26 27 e
0 3 5 6 7 9 11 15 19 20 23 24 26 27 29 e
0 2 5 6 9 10 11 15 19 20 22 23 26 27 29 e
0 5 6 7 9 10 15 18 20 22 23 24 26 27 29 e
0 5 6 7 9 10 11 15 19 20 22 23 26 27 29 e
0 3 5 6 7 9 10 11 19 20 22 23 26 27 29 e
0 3 5 6 9 11 15 18 19 20 22 23 24 26 27 e
0 1 3 5 6 9 10 11 19 20 23 24 26 27 29 e
0 5 6 7 10 12 15 19 20 22 23 24 26 27 29 e
0 5 6 7 9 10 15 18 19 20 22 23 26 27 29 e
0 3 5 6 9 10 11 19 20 22 23 25 26 27 29 e
0 2 5 6 9 11 15 18 19 20 21 23 24 26 27 e
0 2 3 5 6 9 11 15 20 22 23 24 26 27 29 e
0 2 3 5 6 9 11 19 20 21 22 23 24 26 27 e
0 5 6 9 10 15 18 19 20 22 23 25 26 27 29 e
0 2 3 5 6 9 11 15 19 20 22 23 24 26 29 e
0 5 6 7 10 11 15 19 20 23 24 25 26 27 29 e
0 5 6 9 12 15 18 19 20 22 23 24 26 27 29 e
0 1 2 3 5 6 9 11 15 19 20 23 24 26 27 e
0 1 3 5 6 7 9 10 11 19 20 22 23 26 27 e
0 5 6 7 9 11 15 19 20 22 23 24 26 27 29 e
0 5 6 9 11 15 18 19 20 22 23 24 26 27 29 e
0 1 2 3 5 6 9 11 19 20 22 23 24 26 27 e
0 1 3 5 6 9 10 11 19 20 22 23 26 27 29 e
0 3 5 6 7 9 11 19 20 22 23 24 26 27 29 e
0 3 5 6 9 10 11 15 19 20 23 24 26 27 29 e
0 3 5 9 10 11 15 19 20 21 23 24 26 27 29 e
0 3 5 6 9 10 11 15 19 20 21 23 24 26 27 e
0 5 6 9 10 11 15 18 19 20 21 23 24 26 27 e
