100
8 9 12 e
0 8 12 e
5 7 8 e
7 8 12 e
3 8 12 e
5 8 13 e
8 9 13 e
1 7 8 e
5 8 12 e
0 8 13 e
0 1 8 e
1 8 9 e
6 8 12 e
7 9 12 e
8 9 11 e
0 5 8 e
7 8 11 e
0 8 11 e
5 7 12 e
2 5 7 e
5 8 9 e
0 7 12 e
0 4 8 e
4 8 9 e
3 8 13 e
1 3 8 e
7 8 13 e
2 5 8 e
3 8 11 e
6 8 13 e
7 12 13 e
8 12 14 e
3 5 8 e
1 6 8 e
7 8 9 e
2 8 9 e
4 5 8 e
5 7 8 13 e
3 7 12 e
3 4 8 e
7 8 9 12 e
0 2 8 e
2 7 9 e
5 6 8 e
4 7 8 e
5 7 8 12 e
0 12 13 e
6 8 11 e
6 7 12 e
5 8 9 13 e
1 8 13 e
9 12 13 e
5 8 14 e
0 2 7 e
4 7 9 e
7 10 12 e
0 5 8 13 e
1 8 14 e
2 5 7 8 e
0 7 8 e
4 6 8 e
5 8 9 12 e
3 5 8 13 e
1 7 8 9 e
0 5 8 12 e
3 7 8 12 e
8 12 13 e
5 7 8 9 e
7 8 9 13 e
4 5 7 e
0 7 8 12 e
8 11 13 e
8 11 14 e
0 10 12 e
0 4 7 e
3 12 13 e
1 8 9 13 e
3 5 8 12 e
2 5 7 13 e
5 8 11 e
1 5 8 e
4 5 7 8 e
8 9 11 13 e
7 9 12 13 e
3 5 7 8 e
7 8 9 11 e
8 13 14 e
1 7 8 13 e
8 9 12 13 e
1 3 7 8 e
5 7 12 13 e
2 6 8 e
0 1 8 13 e
2 5 8 9 e
0 8 12 13 e
0 8 11 13 e
0 2 5 8 e
0 7 8 13 e
4 7 8 9 e
1 2 8 9 e
