100
0 1 3 6 8 9 12 13 16 19 e
0 1 5 6 8 9 12 13 16 19 e
0 1 3 5 6 8 9 12 13 16 e
0 3 5 6 8 9 11 12 13 16 e
0 3 5 6 8 9 12 13 16 19 e
0 5 6 8 9 12 13 16 17 19 e
0 3 5 6 8 9 12 13 16 17 e
0 1 5 6 8 9 11 13 16 19 e
0 3 6 8 9 12 13 16 17 19 e
0 5 6 8 9 11 12 13 16 19 e
0 3 6 8 9 11 12 13 16 19 e
0 1 6 8 9 10 12 13 16 19 e
0 1 6 8 9 12 13 16 17 19 e
0 1 3 6 8 9 11 13 16 19 e
0 3 5 6 8 9 11 13 16 17 e
0 1 3 5 6 8 9 11 13 16 e
0 3 6 8 9 11 13 16 17 19 e
0 3 5 6 7 8 9 12 13 16 e
0 3 5 6 8 9 11 13 16 19 e
0 1 5 6 8 9 12 13 16 17 e
0 1 3 6 8 9 13 16 17 19 e
0 5 6 8 9 10 12 13 16 19 e
0 1 5 6 8 9 10 12 13 16 e
0 1 5 6 8 9 12 13 16 18 e
0 3 5 6 8 9 10 12 13 16 e
0 3 5 6 8 9 10 11 13 16 e
0 1 3 5 6 8 9 13 16 17 e
0 1 3 6 8 9 13 15 16 19 e
0 1 5 6 8 9 11 13 16 17 e
0 1 6 8 9 10 11 13 16 19 e
0 3 5 6 8 9 13 15 16 19 e
0 1 5 6 8 9 13 15 16 19 e
0 1 3 5 6 8 9 13 15 16 e
0 3 5 6 8 9 12 13 15 16 e
0 1 3 5 6 8 9 13 16 19 e
0 1 5 6 8 9 11 12 13 16 e
0 5 6 8 9 10 11 13 16 19 e
0 6 8 9 10 11 12 13 16 19 e
0 6 8 9 10 12 13 16 17 19 e
0 5 6 8 9 11 12 13 16 18 e
0 1 3 4 6 9 12 13 16 19 e
0 3 6 8 9 12 13 15 16 19 e
0 1 4 5 6 9 12 13 16 19 e
0 1 4 5 6 8 9 12 16 19 e
0 1 3 4 5 6 9 12 13 16 e
0 3 5 6 8 9 13 15 16 17 e
0 3 5 6 8 9 10 13 16 17 e
0 1 3 6 8 9 12 13 16 17 e
0 1 3 6 8 9 10 12 13 16 e
0 1 6 8 9 11 13 16 17 19 e
0 3 6 8 9 13 15 16 17 19 e
0 3 5 6 8 9 13 16 17 19 e
0 1 5 6 8 9 10 13 16 19 e
0 1 3 5 6 8 9 10 13 16 e
0 1 6 8 9 10 13 16 17 19 e
0 1 5 6 8 12 13 15 16 19 e
0 1 3 6 8 9 10 13 16 19 e
0 3 4 5 6 9 11 12 13 16 e
0 1 5 6 8 9 10 13 16 17 e
0 5 6 8 9 12 13 15 16 19 e
0 3 6 8 9 10 12 13 16 17 e
3 5 6 8 9 11 12 13 16 18 e
0 4 5 6 9 11 12 13 16 19 e
0 1 3 6 8 9 12 13 18 19 e
0 1 6 7 8 9 10 13 16 19 e
0 1 3 5 6 8 9 12 13 18 e
0 5 6 8 9 13 15 16 17 19 e
0 1 3 6 8 9 10 11 13 16 e
0 1 5 6 7 8 9 10 13 16 e
0 5 6 8 9 10 13 15 16 19 e
0 4 5 6 8 9 11 12 16 19 e
0 3 5 6 8 9 10 13 15 16 e
0 1 6 8 9 10 13 15 16 19 e
0 1 5 6 8 9 13 15 16 17 e
0 3 4 5 6 9 11 13 16 19 e
0 1 5 6 8 9 10 13 15 16 e
0 3 4 5 6 9 10 11 13 16 e
0 1 4 6 8 9 10 12 16 19 e
0 1 3 5 6 8 9 12 13 17 e
0 4 5 6 9 10 11 13 16 19 e
0 1 3 6 8 9 11 13 18 19 e
0 1 3 5 6 8 9 11 13 18 e
0 1 4 6 9 10 11 13 16 19 e
0 1 6 8 9 10 12 13 16 17 e
1 3 6 8 9 12 13 16 17 19 e
0 3 5 6 7 9 12 13 16 17 e
0 3 5 6 8 12 13 15 16 17 e
0 1 6 8 9 13 15 16 17 19 e
0 4 5 6 9 12 13 15 16 19 e
0 1 4 5 6 9 10 11 13 16 e
0 3 6 8 12 13 15 16 17 19 e
0 3 5 6 7 8 12 13 15 16 e
0 3 5 6 7 8 12 13 16 17 e
0 3 5 6 7 8 9 12 13 18 e
0 1 3 6 8 13 15 16 17 19 e
0 1 3 6 8 9 13 15 18 19 e
0 1 5 6 8 12 13 15 16 17 e
0 5 6 7 8 9 12 13 16 17 e
0 1 5 6 8 9 10 11 13 16 e
0 1 3 6 8 9 10 13 16 17 e
