100
1 3 5 6 8 9 14 16 18 19 e
3 5 6 8 9 14 15 16 18 19 e
1 3 5 6 8 10 14 16 18 19 e
1 3 6 8 10 14 15 16 18 19 e
1 2 3 6 8 9 14 16 18 19 e
1 3 6 8 9 14 15 16 18 19 e
2 3 5 6 8 9 14 16 18 19 e
1 2 3 5 6 8 14 16 18 19 e
1 3 5 6 8 11 14 16 18 19 e
0 1 3 5 6 8 11 14 16 19 e
0 3 5 6 8 9 14 16 18 19 e
3 5 6 8 9 10 14 16 18 19 e
1 3 6 8 9 10 15 16 18 19 e
1 3 6 9 10 14 15 16 18 19 e
0 1 3 6 8 9 14 16 18 19 e
1 3 5 6 8 9 15 16 18 19 e
1 3 6 9 10 13 14 16 18 19 e
0 3 5 6 8 10 14 16 18 19 e
3 5 6 8 10 14 15 16 18 19 e
1 3 4 6 8 9 14 16 18 19 e
1 3 6 8 10 11 15 16 18 19 e
0 1 3 5 6 8 14 16 18 19 e
1 2 3 5 6 8 9 14 16 19 e
2 3 6 8 10 14 15 16 18 19 e
1 2 3 6 9 10 14 16 18 19 e
0 1 3 5 6 8 10 14 16 19 e
1 3 5 6 8 12 14 16 18 19 e
1 3 5 6 8 9 12 14 18 19 e
1 3 5 6 9 14 15 16 18 19 e
2 3 6 9 10 14 15 16 18 19 e
3 6 8 9 10 11 15 16 18 19 e
1 3 6 8 9 12 14 16 18 19 e
1 3 5 6 9 13 14 16 18 19 e
1 3 5 6 8 9 12 14 16 19 e
1 3 5 6 8 11 15 16 18 19 e
1 3 5 6 10 14 15 16 18 19 e
0 1 2 3 5 6 8 14 16 19 e
0 1 3 5 6 9 14 16 18 19 e
1 3 5 6 8 9 11 14 16 19 e
3 4 5 6 8 9 14 16 18 19 e
1 2 3 6 8 9 11 14 16 19 e
3 5 6 9 12 14 15 16 18 19 e
2 3 5 6 8 14 15 16 18 19 e
0 1 2 3 6 8 9 14 16 19 e
3 6 9 10 12 14 15 16 18 19 e
2 3 4 6 8 9 14 16 18 19 e
1 2 3 5 6 14 15 16 18 19 e
0 1 2 3 5 6 14 16 18 19 e
1 3 5 6 8 10 15 16 18 19 e
2 3 5 6 9 14 15 16 18 19 e
0 2 3 5 6 8 9 14 16 19 e
1 2 3 5 6 9 14 16 18 19 e
1 2 3 6 9 14 15 16 18 19 e
1 2 3 6 8 11 14 16 18 19 e
3 5 6 8 11 14 15 16 18 19 e
3 4 6 8 9 14 15 16 18 19 e
3 5 6 8 9 12 14 16 18 19 e
1 3 5 6 11 12 14 16 18 19 e
1 3 5 6 12 14 15 16 18 19 e
1 3 6 8 9 11 12 14 16 19 e
0 1 2 3 6 9 14 16 18 19 e
1 3 5 6 9 12 14 16 18 19 e
1 3 6 10 11 12 14 16 18 19 e
0 2 3 5 6 9 14 16 18 19 e
0 2 3 5 6 8 14 16 18 19 e
2 3 5 6 8 9 15 16 18 19 e
0 1 3 6 9 10 15 16 18 19 e
1 3 6 8 11 12 14 16 18 19 e
1 2 3 4 6 8 9 14 16 19 e
1 2 3 5 6 13 14 16 18 19 e
3 4 6 8 9 10 15 16 18 19 e
0 1 3 6 8 9 12 14 16 19 e
1 3 5 6 10 13 14 16 18 19 e
1 2 3 6 8 9 15 16 18 19 e
2 3 5 6 9 13 14 16 18 19 e
1 2 3 5 6 8 15 16 18 19 e
1 3 6 8 9 10 14 15 16 18 e
1 2 3 6 9 10 15 16 18 19 e
0 2 3 4 6 8 9 14 16 19 e
1 2 3 6 10 11 15 16 18 19 e
1 3 4 6 8 9 15 16 18 19 e
2 3 5 6 8 11 15 16 18 19 e
1 3 6 9 11 12 14 16 18 19 e
1 3 4 6 9 12 14 16 18 19 e
0 1 2 3 6 8 14 16 18 19 e
0 1 3 5 6 11 12 14 16 19 e
3 5 6 10 13 14 15 16 18 19 e
1 2 3 6 10 11 13 14 16 19 e
1 2 3 6 8 11 15 16 18 19 e
0 2 3 5 6 14 15 16 18 19 e
1 3 5 6 10 13 15 16 18 19 e
0 2 3 5 6 9 15 16 18 19 e
3 4 6 9 10 12 14 16 18 19 e
1 2 3 6 9 11 13 14 16 19 e
0 3 5 6 10 13 14 16 18 19 e
1 2 3 6 8 9 10 11 16 18 e
2 3 5 6 9 13 15 16 18 19 e
1 3 5 6 8 14 15 16 18 19 e
1 3 6 9 10 12 14 16 18 19 e
0 1 3 5 6 10 14 16 18 19 e
