100
3 5 6 7 9 10 11 12 14 15 16 19 20 22 23 25 26 27 e
1 3 5 6 7 9 10 11 12 14 15 16 19 20 21 22 23 25 26 27 e
1 3 5 6 7 9 10 11 12 13 14 15 16 18 19 20 21 22 23 25 26 27 e
1 3 5 6 7 9 10 11 12 14 15 16 19 20 22 23 25 26 27 e
1 3 5 6 7 9 10 11 12 14 15 16 18 19 20 22 23 25 26 27 29 e
0 1 3 5 6 7 9 10 11 12 14 15 16 18 19 20 22 23 25 26 27 29 e
1 3 5 6 7 9 10 11 12 13 14 15 16 18 19 20 22 23 25 26 27 29 e
3 5 6 7 9 10 11 12 14 15 16 18 19 20 22 23 25 26 27 e
1 3 5 6 7 9 10 11 12 14 15 16 18 19 20 21 22 23 25 26 27 e
1 3 5 6 7 9 10 11 12 13 14 15 16 18 19 20 22 23 25 26 27 e
0 1 3 5 6 7 8 9 10 11 12 14 15 16 19 20 21 22 23 25 26 27 29 e
1 3 5 6 7 8 9 10 11 12 14 15 16 18 19 20 21 22 23 25 26 27 29 e
3 5 6 7 8 9 10 11 12 14 15 16 19 20 21 22 23 25 26 27 e
1 3 5 6 7 9 10 11 12 13 14 15 16 18 19 20 22 23 25 26 27 28 e
1 3 5 6 7 9 10 11 12 13 14 15 16 18 19 20 21 22 23 25 26 27 28 29 e
3 5 6 7 9 10 11 12 13 14 15 16 18 19 20 21 22 23 25 26 27 e
3 5 6 7 9 10 11 12 13 14 15 16 18 19 20 22 23 25 26 27 28 e
1 3 4 5 6 7 9 10 11 12 13 14 15 16 18 19 20 22 23 25 26 27 28 e
3 4 5 6 7 9 10 11 12 13 14 15 16 18 19 20 22 23 25 26 27 28 e
1 3 4 5 6 7 9 10 11 12 13 14 15 16 18 19 20 21 22 23 25 26 27 28 e
3 5 6 7 9 10 11 12 14 15 16 18 19 20 21 22 23 25 26 27 e
3 5 6 7 8 9 10 11 12 13 14 15 16 18 19 20 21 22 23 25 26 27 28 e
1 3 4 5 6 7 8 9 10 11 12 13 14 15 16 18 19 20 21 22 23 25 26 27 28 e
3 5 6 7 9 10 11 12 13 14 15 16 18 19 20 22 23 25 26 27 e
3 5 6 7 9 10 11 12 14 15 16 19 20 21 22 23 25 26 27 e
3 5 6 7 8 9 10 11 12 14 15 16 18 19 20 21 22 23 25 26 27 e
1 3 5 6 7 9 10 11 12 14 15 16 19 20 21 22 23 25 26 27 29 e
1 3 5 6 7 9 10 11 12 14 15 16 18 19 20 22 23 25 26 27 e
3 5 6 7 9 10 11 12 13 14 15 16 18 19 20 21 22 23 25 26 27 28 e
0 1 3 5 6 7 9 10 11 12 14 15 16 19 20 21 22 23 25 26 27 29 e
1 3 5 6 7 8 9 10 11 12 14 15 16 19 20 21 22 23 25 26 27 29 e
1 3 5 6 7 8 9 10 11 12 14 15 16 19 20 21 22 23 25 26 27 e
3 5 6 7 8 9 10 11 12 13 14 15 16 18 19 20 21 22 23 25 26 27 e
3 4 5 6 7 9 10 11 12 13 14 15 16 18 19 20 21 22 23 25 26 27 28 e
0 1 3 5 6 7 9 10 11 12 14 15 16 18 19 20 21 22 23 25 26 27 29 e
0 1 3 5 6 7 9 10 11 12 13 14 15 16 18 19 20 22 23 25 26 27 29 e
1 3 5 6 7 9 10 11 12 13 14 15 16 18 19 20 22 23 25 26 27 28 29 e
1 3 5 6 7 8 9 10 11 12 14 15 16 18 19 20 21 22 23 25 26 27 e
3 4 5 6 7 8 9 10 11 12 13 14 15 16 18 19 20 21 22 23 25 26 27 28 e
3 5 6 7 9 10 11 12 13 14 15 16 18 19 20 22 23 26 27 e
0 1 3 5 6 7 9 10 11 12 13 14 15 16 18 19 20 21 22 23 25 26 27 29 e
1 3 5 6 7 9 10 11 12 13 14 15 16 18 19 20 21 22 23 25 26 27 28 e
1 3 5 6 7 8 9 10 11 12 13 14 15 16 18 19 20 21 22 23 25 26 27 e
1 3 5 6 7 8 9 10 11 12 13 14 15 16 18 19 20 21 22 23 25 26 27 28 e
1 3 5 6 7 9 10 11 12 14 15 16 19 20 22 23 25 26 27 29 e
0 1 3 5 6 7 9 10 11 12 14 15 16 19 20 22 23 25 26 27 29 e
3 5 6 7 9 10 11 12 14 15 16 19 20 22 23 26 27 e
1 3 5 6 7 9 10 11 12 14 15 16 18 19 20 21 22 23 25 26 27 29 e
1 3 5 6 7 9 10 11 12 13 14 15 16 18 19 20 21 22 23 25 26 27 29 e
0 1 3 5 6 7 8 9 10 11 12 14 15 16 18 19 20 21 22 23 25 26 27 29 e
3 5 6 7 9 10 11 12 14 15 16 18 19 20 22 23 26 27 e
3 5 6 7 9 10 11 12 14 15 16 18 19 20 21 22 23 26 27 e
3 5 6 7 9 10 11 12 14 15 16 19 20 22 23 25 26 27 29 e
0 3 5 6 7 9 10 11 12 14 15 16 19 20 22 23 25 26 27 29 e
3 5 6 7 9 10 11 12 14 15 16 18 19 20 22 23 25 26 27 29 e
3 5 6 7 9 10 11 12 14 15 16 19 20 21 22 23 25 26 27 29 e
0 3 5 6 7 9 10 11 12 13 14 15 16 18 19 20 21 22 23 25 26 27 29 e
3 5 6 7 9 10 11 12 14 15 16 18 19 20 21 22 23 25 26 27 29 e
0 3 5 6 7 9 10 11 12 14 15 16 18 19 20 22 23 25 26 27 29 e
3 5 6 7 8 9 10 11 12 14 15 16 19 20 21 22 23 25 26 27 29 e
3 5 6 7 9 10 11 12 13 14 15 16 18 19 20 22 23 25 26 27 29 e
3 5 6 7 8 9 10 11 12 14 15 16 19 20 21 22 23 26 27 e
0 3 5 6 7 9 10 11 12 14 15 16 19 20 21 22 23 25 26 27 29 e
3 5 6 7 9 10 11 12 13 14 15 16 18 19 20 21 22 23 25 26 27 29 e
0 3 5 6 7 8 9 10 11 12 14 15 16 19 20 21 22 23 25 26 27 29 e
0 3 5 6 7 9 10 11 12 13 14 15 16 18 19 20 22 23 25 26 27 29 e
3 5 6 7 9 10 11 12 13 14 15 16 18 19 20 22 23 25 26 27 28 29 e
3 5 6 7 8 9 10 11 12 14 15 16 18 19 20 21 22 23 26 27 e
0 3 5 6 7 9 10 11 12 14 15 16 18 19 20 21 22 23 25 26 27 29 e
3 5 6 7 9 10 11 12 13 14 15 16 18 19 20 21 22 23 26 27 e
3 5 6 7 9 10 11 12 13 14 15 16 18 19 20 22 23 26 27 28 e
3 5 6 7 8 9 10 11 12 14 15 16 18 19 20 21 22 23 25 26 27 29 e
0 3 5 6 7 8 9 10 11 12 14 15 16 18 19 20 21 22 23 25 26 27 29 e
3 5 6 7 9 10 11 12 13 14 15 16 18 19 20 21 22 23 25 26 27 28 29 e
0 3 5 6 7 9 10 11 12 13 14 15 16 18 19 20 22 23 25 26 27 28 29 e
3 4 5 6 7 9 10 11 12 13 14 15 16 18 19 20 22 23 25 26 27 28 29 e
3 5 6 7 8 9 10 11 12 13 14 15 16 18 19 20 21 22 23 25 26 27 29 e
3 5 6 7 9 10 11 12 14 15 18 19 20 22 23 26 27 e
3 4 5 6 7 9 10 11 12 13 14 15 16 18 19 20 22 23 26 27 28 e
3 5 6 7 9 10 11 12 13 14 15 16 18 19 20 21 22 23 26 27 28 e
3 5 6 7 8 9 10 11 12 13 14 15 16 18 19 20 21 22 23 26 27 e
0 3 5 6 7 9 10 11 12 13 14 15 16 18 19 20 21 22 23 25 26 27 28 29 e
3 4 5 6 7 9 10 11 12 13 14 15 16 18 19 20 21 22 23 25 26 27 28 29 e
0 3 4 5 6 7 9 10 11 12 13 14 15 16 18 19 20 22 23 25 26 27 28 29 e
0 3 5 6 7 8 9 10 11 12 13 14 15 16 18 19 20 21 22 23 25 26 27 29 e
0 3 4 5 6 7 8 9 10 11 12 13 14 15 16 18 19 20 21 22 23 25 26 27 28 29 e
3 5 6 7 8 9 10 11 12 13 14 15 16 18 19 20 21 22 23 25 26 27 28 29 e
3 4 5 6 7 9 10 11 12 13 14 15 16 18 19 20 21 22 23 26 27 28 e
0 3 4 5 6 7 9 10 11 12 13 14 15 16 18 19 20 21 22 23 25 26 27 28 29 e
3 5 6 7 9 10 11 12 14 15 16 19 20 21 22 23 26 27 e
3 5 6 7 8 9 10 11 12 13 14 15 16 18 19 20 21 22 23 26 27 28 e
0 3 5 6 7 8 9 10 11 12 13 14 15 16 18 19 20 21 22 23 25 26 27 28 29 e
3 4 5 6 7 8 9 10 11 12 13 14 15 16 18 19 20 21 22 23 25 26 27 28 29 e
3 4 5 6 7 8 9 10 11 12 13 14 15 16 18 19 20 21 22 23 26 27 28 e
3 5 6 7 9 10 12 14 15 16 19 20 22 23 25 26 27 e
3 5 6 7 9 10 12 14 15 16 18 19 20 22 23 25 26 27 e
3 5 6 7 8 9 10 12 14 15 16 19 20 21 22 23 25 26 27 e
3 5 6 7 8 9 10 12 14 15 16 18 19 20 21 22 23 25 26 27 e
3 5 6 7 9 10 12 14 15 16 19 20 21 22 23 25 26 27 e
3 5 6 7 9 10 12 14 15 16 18 19 20 21 22 23 25 26 27 e
