100
3 10 12 e
3 4 12 e
3 12 13 e
0 3 12 e
10 12 13 e
4 10 12 e
3 6 12 e
0 3 10 e
0 10 12 e
6 10 12 e
3 10 13 e
0 3 4 e
0 3 13 e
0 10 13 e
3 4 13 e
4 10 13 e
3 4 10 e
0 6 10 e
0 3 6 e
3 8 12 e
0 4 10 e
3 6 13 e
3 9 12 e
0 12 13 e
0 3 8 e
8 10 12 e
6 10 13 e
3 6 10 e
9 10 12 e
4 12 13 e
6 12 13 e
3 8 10 e
0 8 10 e
0 3 9 e
5 10 12 e
3 6 8 e
3 5 12 e
0 9 10 e
0 4 13 e
3 9 13 e
9 10 13 e
6 8 10 e
3 9 10 e
9 12 13 e
3 8 13 e
3 5 13 e
0 6 13 e
3 7 12 e
8 12 13 e
0 5 10 e
0 3 5 e
5 10 13 e
8 10 13 e
0 6 12 e
3 12 14 e
7 10 12 e
6 8 12 e
0 8 12 e
3 5 10 e
10 12 14 e
0 4 12 e
2 3 12 e
0 3 7 e
2 10 12 e
0 8 13 e
3 7 13 e
0 7 10 e
0 9 13 e
5 12 13 e
6 8 13 e
7 10 13 e
3 13 14 e
0 3 14 e
4 6 10 e
0 10 14 e
3 7 10 e
5 8 10 e
10 13 14 e
3 5 8 e
0 2 3 e
4 6 12 e
7 12 13 e
3 10 14 e
0 4 8 e
0 5 13 e
0 9 12 e
3 7 8 e
1 3 12 e
2 12 13 e
3 4 6 e
2 3 13 e
4 6 13 e
1 10 12 e
1 12 13 e
12 13 14 e
8 10 14 e
7 8 10 e
3 4 7 e
1 4 12 e
0 1 3 e
