100
1 8 13 e
8 9 13 e
1 8 9 e
1 9 13 e
7 8 13 e
1 4 13 e
4 8 13 e
8 12 13 e
8 13 14 e
0 8 9 e
1 4 8 e
1 6 8 e
4 8 9 e
1 6 9 e
6 8 9 e
1 7 8 e
1 7 13 e
1 4 9 e
8 9 12 e
7 8 9 e
8 9 14 e
1 3 13 e
9 12 13 e
1 3 8 e
4 12 13 e
0 4 8 e
3 8 13 e
5 8 13 e
0 1 8 e
2 8 13 e
3 8 9 e
1 8 10 e
4 13 14 e
9 13 14 e
1 4 6 e
6 8 12 e
1 7 9 e
0 7 8 e
8 10 13 e
4 6 8 e
1 3 9 e
6 7 8 e
6 8 14 e
4 8 12 e
4 8 14 e
1 8 14 e
8 11 13 e
2 9 13 e
1 10 13 e
0 3 8 e
7 8 12 e
1 5 13 e
1 13 14 e
7 12 13 e
6 9 12 e
3 12 13 e
4 9 12 e
2 8 9 e
1 8 12 e
7 8 14 e
4 7 8 e
3 8 12 e
1 12 13 e
1 5 8 e
0 8 10 e
3 8 14 e
1 6 7 e
0 8 12 e
1 3 6 e
8 9 10 e
5 8 9 e
3 4 8 e
2 6 13 e
4 9 14 e
0 1 9 e
1 3 4 e
3 7 8 e
3 9 13 e
1 2 13 e
3 13 14 e
4 8 10 e
2 4 13 e
8 9 11 e
7 8 10 e
1 4 10 e
1 3 7 e
5 6 8 e
0 3 9 e
9 11 13 e
8 10 12 e
0 5 8 e
3 4 13 e
8 10 14 e
4 5 8 e
6 8 10 e
1 2 8 e
2 6 8 e
0 2 13 e
1 11 13 e
2 6 9 e
