100
0 1 2 3 4 5 6 7 8 9 10 11 13 14 e
0 1 2 3 5 6 7 8 9 10 11 13 14 e
0 1 2 3 5 6 7 8 9 10 11 12 13 14 e
0 1 2 3 6 8 9 10 11 13 14 e
0 1 2 3 7 8 9 10 11 13 14 e
0 1 2 3 4 8 9 10 11 13 14 e
0 1 2 3 6 7 8 9 10 11 13 14 e
0 1 2 3 4 6 7 8 9 10 11 13 14 e
0 1 2 3 4 5 6 8 9 10 11 13 14 e
0 1 2 3 4 7 8 9 10 11 13 14 e
0 1 2 3 5 6 8 9 10 11 13 14 e
0 1 2 3 4 5 6 8 9 10 11 12 13 14 e
0 1 2 3 4 6 8 9 10 11 13 14 e
0 1 2 3 5 6 8 9 10 11 12 13 14 e
0 1 2 3 4 5 6 7 8 9 10 11 12 13 14 e
0 1 2 3 8 9 10 11 13 14 e
0 1 2 3 4 5 6 7 8 10 11 13 14 e
0 1 2 3 4 5 6 7 8 10 11 12 13 14 e
0 1 2 3 5 6 8 10 11 12 13 14 e
0 1 2 3 4 6 7 8 10 11 13 14 e
0 1 2 3 4 7 8 10 11 13 14 e
0 1 2 3 4 6 8 10 11 13 14 e
0 1 2 3 5 6 8 9 10 13 14 e
0 1 2 3 4 5 6 8 9 10 12 13 14 e
0 1 2 3 5 6 7 8 10 11 12 13 14 e
0 1 2 3 4 5 6 8 10 11 13 14 e
0 1 2 3 4 6 7 8 9 10 13 14 e
0 1 2 3 4 7 8 9 10 13 14 e
0 1 2 3 4 8 9 10 13 14 e
0 1 2 3 5 6 7 8 10 11 13 14 e
0 1 2 3 5 6 7 8 9 10 13 14 e
0 1 2 3 8 10 11 13 14 e
0 1 2 3 6 7 8 9 10 13 14 e
0 1 2 3 4 5 6 8 10 11 12 13 14 e
0 1 2 3 4 8 10 11 13 14 e
0 1 2 3 6 8 10 11 13 14 e
0 1 2 3 4 6 8 9 10 13 14 e
0 1 2 3 6 7 8 10 11 13 14 e
0 1 2 3 5 6 8 10 11 13 14 e
0 1 2 3 6 8 9 10 13 14 e
0 1 2 3 7 8 10 11 13 14 e
0 1 2 3 7 8 9 10 13 14 e
0 1 2 3 5 6 7 8 9 10 12 13 14 e
0 1 2 3 8 9 10 13 14 e
0 1 2 3 5 6 8 9 10 12 13 14 e
0 1 2 3 4 5 6 8 9 10 11 12 13 e
0 1 2 3 4 5 6 7 8 9 10 13 14 e
0 1 2 3 4 5 6 8 9 10 13 14 e
0 1 2 3 4 5 6 7 8 9 10 12 13 14 e
0 1 2 3 4 5 6 7 8 9 10 11 13 e
0 1 2 3 7 8 9 10 11 13 e
0 1 2 3 5 6 7 8 9 10 11 12 13 e
0 1 2 3 5 6 8 9 10 11 12 13 e
0 1 2 3 4 8 9 10 11 13 e
0 1 2 3 5 6 8 9 10 11 13 e
0 2 3 7 8 9 10 11 13 14 e
0 1 2 3 4 5 6 8 9 10 11 13 e
0 1 2 3 8 9 10 11 13 e
0 1 2 3 6 7 8 9 10 11 13 e
0 1 2 3 4 6 8 9 10 11 13 e
0 1 2 3 4 7 8 9 10 11 13 e
0 2 3 5 6 8 9 10 11 12 13 14 e
0 1 2 3 4 5 6 7 8 9 10 11 12 13 e
0 1 2 3 5 6 7 8 9 10 11 13 e
0 1 2 3 4 6 7 8 9 10 11 13 e
0 1 3 5 6 8 9 10 11 12 13 14 e
0 1 2 3 6 8 9 10 11 13 e
0 1 2 3 4 8 10 13 14 e
0 1 2 3 5 6 7 9 10 11 12 13 14 e
0 1 2 3 4 5 6 9 10 11 13 14 e
0 1 3 5 6 8 9 10 11 13 14 e
0 1 2 3 5 6 9 10 11 12 13 14 e
0 2 3 5 6 8 9 10 11 13 14 e
0 1 2 3 5 6 9 10 11 13 14 e
0 2 3 6 8 9 10 11 13 14 e
0 1 2 3 6 7 9 10 11 13 14 e
0 1 2 3 5 6 8 10 12 13 14 e
0 1 2 3 4 7 9 10 11 13 14 e
0 1 2 3 6 9 10 11 13 14 e
0 1 2 3 8 10 13 14 e
0 1 2 3 4 6 8 10 13 14 e
0 1 2 3 4 5 6 8 10 13 14 e
0 1 2 3 4 5 6 8 10 12 13 14 e
0 2 3 8 9 10 11 13 14 e
0 1 2 3 4 5 6 9 10 11 12 13 14 e
0 1 2 3 5 6 7 9 10 11 13 14 e
0 1 2 3 7 8 10 13 14 e
0 1 2 3 4 6 7 9 10 11 13 14 e
0 1 2 3 7 9 10 11 13 14 e
0 1 2 3 9 10 11 13 14 e
0 1 2 3 4 6 9 10 11 13 14 e
0 1 3 6 8 9 10 11 13 14 e
0 1 2 3 5 6 8 10 11 13 e
0 1 2 3 5 6 8 10 13 14 e
0 1 3 8 9 10 11 13 14 e
0 1 2 3 5 6 8 10 11 12 13 e
0 1 2 3 4 9 10 11 13 14 e
0 1 2 3 6 7 8 10 13 14 e
0 1 2 3 6 8 10 13 14 e
0 1 2 3 6 8 10 11 13 e
