100
0 1 2 e
0 1 2 13 e
0 1 2 17 e
0 1 2 9 e
0 1 2 8 e
0 1 2 15 e
0 1 2 11 e
0 1 2 9 13 e
1 2 3 6 8 9 13 e
0 1 2 13 18 e
0 1 2 8 13 e
0 1 2 8 9 e
1 2 3 6 9 10 13 e
0 1 2 13 15 e
1 2 3 6 8 9 10 e
0 1 2 9 10 e
1 2 3 4 9 10 13 e
1 2 3 6 9 13 18 e
0 1 2 11 13 e
1 2 4 6 8 9 13 e
0 1 2 9 15 e
1 2 3 6 8 9 16 e
0 1 2 9 11 e
1 2 3 4 6 e
0 1 2 11 17 e
0 1 2 8 11 e
0 1 2 8 15 e
0 1 2 8 16 e
1 2 6 7 8 13 18 e
1 2 3 4 8 13 16 e
1 2 6 7 8 13 17 e
0 1 2 6 e
0 1 2 9 13 18 e
1 2 6 7 8 9 13 e
0 1 2 8 13 18 e
1 2 4 6 7 e
0 1 2 8 9 13 e
1 2 6 7 11 13 17 e
1 2 6 7 11 13 18 e
1 2 3 6 8 9 10 13 e
0 2 3 6 9 10 13 e
1 2 3 6 7 e
0 1 2 11 15 e
1 2 6 7 13 15 17 e
1 2 6 7 8 11 13 e
0 2 3 6 8 9 13 e
1 2 4 7 8 13 18 e
0 1 2 9 10 13 e
0 2 3 6 9 11 13 e
1 2 6 7 8 13 15 e
1 2 3 4 7 e
0 2 3 6 8 9 10 e
0 1 2 12 13 18 e
0 2 3 6 8 9 11 e
1 2 3 7 11 13 17 e
0 1 2 8 9 10 e
1 2 6 7 8 13 16 e
0 1 2 13 15 18 e
0 1 3 6 7 e
1 2 3 4 6 9 e
0 1 2 9 13 15 e
0 1 2 8 13 15 e
1 2 4 7 13 18 19 e
0 1 2 3 e
1 2 3 7 11 13 18 e
0 1 2 11 13 18 e
0 1 2 8 11 13 e
0 1 2 9 11 13 e
1 2 4 7 8 11 13 e
0 1 2 8 13 16 e
0 1 2 8 9 15 e
1 2 6 7 8 9 13 18 e
0 1 2 8 9 16 e
0 1 2 9 10 15 e
0 1 2 8 9 11 e
0 2 3 4 6 e
1 2 4 6 7 13 e
0 1 2 6 13 e
0 1 2 6 9 e
0 1 2 9 10 11 e
0 2 3 6 9 10 11 e
1 2 4 7 8 13 16 e
0 1 2 6 8 e
0 1 2 11 13 15 e
1 2 4 6 7 8 e
0 1 2 4 e
0 1 2 9 11 15 e
0 1 2 7 e
1 2 3 6 7 13 e
0 1 2 6 17 e
0 1 2 8 9 10 13 e
1 2 3 6 7 17 e
0 1 2 8 11 15 e
1 2 3 6 7 8 e
0 1 2 8 11 16 e
0 1 2 8 15 16 e
1 2 6 7 8 13 15 17 e
1 2 3 4 7 13 e
0 1 2 6 15 e
0 1 2 3 9 e
