100
0 1 4 7 8 10 11 13 17 18 e
0 1 2 7 8 10 11 13 17 18 e
0 1 4 8 10 11 13 17 18 19 e
0 1 4 7 8 10 13 16 17 18 e
0 1 4 7 8 10 11 13 16 18 e
0 1 7 8 10 11 13 16 17 18 e
0 1 4 5 8 10 11 13 17 18 e
0 1 2 7 8 10 11 13 16 18 e
0 1 2 4 7 8 10 11 17 18 e
0 1 4 7 8 10 11 13 14 18 e
0 1 4 6 8 10 11 13 17 18 e
0 4 6 7 8 10 11 13 17 18 e
0 1 4 7 8 10 13 15 16 18 e
0 1 4 7 8 10 13 15 17 18 e
0 1 4 5 8 10 13 16 17 18 e
0 1 4 8 10 11 13 16 18 19 e
0 1 2 4 7 8 10 11 16 18 e
0 1 4 8 10 13 16 17 18 19 e
0 2 7 8 10 11 13 16 17 18 e
0 1 4 6 8 10 13 16 17 18 e
0 2 7 8 10 11 13 14 17 18 e
0 1 2 4 7 10 11 13 17 18 e
0 4 8 10 11 13 14 17 18 19 e
0 3 4 7 8 10 11 13 17 18 e
0 1 4 8 10 13 15 16 18 19 e
0 1 4 5 8 10 13 15 16 18 e
0 1 2 6 8 10 11 13 17 18 e
0 4 6 7 8 10 13 16 17 18 e
0 4 6 8 10 11 13 17 18 19 e
0 1 2 4 5 8 10 11 17 18 e
0 2 4 7 8 10 13 15 17 18 e
0 1 4 8 10 11 13 14 18 19 e
0 6 7 8 10 11 13 16 17 18 e
0 1 4 5 8 10 11 13 16 18 e
0 1 2 6 8 10 11 13 16 18 e
0 1 2 5 8 10 11 13 16 18 e
0 1 2 4 6 8 10 11 17 18 e
0 4 6 7 8 10 11 13 16 18 e
0 1 2 5 8 10 11 13 17 18 e
0 2 6 7 8 10 11 13 16 18 e
0 1 2 4 7 8 10 13 17 18 e
0 1 4 5 8 10 13 15 17 18 e
0 1 2 4 7 8 10 15 17 18 e
0 1 4 5 8 10 11 13 14 18 e
0 1 4 6 8 10 13 15 16 18 e
0 1 2 4 7 8 10 11 13 18 e
0 3 7 8 10 11 13 16 17 18 e
0 1 4 6 8 10 11 13 14 18 e
0 1 7 8 10 13 15 16 17 18 e
0 2 4 7 8 10 11 13 17 18 e
0 2 6 7 8 10 11 13 17 18 e
0 1 4 6 7 8 10 11 13 17 e
0 2 4 6 7 8 10 11 17 18 e
0 1 2 4 6 10 11 13 17 18 e
0 2 6 8 10 11 13 14 17 18 e
0 4 6 8 10 11 13 16 18 19 e
0 1 2 7 8 10 11 13 14 18 e
0 4 6 8 10 11 13 14 17 18 e
0 1 2 4 5 8 10 11 13 18 e
0 1 2 4 6 8 10 11 16 18 e
0 4 6 7 8 10 13 15 16 18 e
0 1 4 6 7 8 10 11 17 18 e
0 1 2 4 7 8 10 11 14 18 e
0 3 4 7 8 10 11 13 16 18 e
0 4 6 7 8 10 11 13 14 18 e
0 1 2 7 8 10 13 15 17 18 e
0 1 3 4 7 8 10 11 17 18 e
0 1 3 4 7 8 10 11 13 17 e
0 2 4 6 8 10 11 13 14 18 e
0 1 2 4 6 8 10 16 17 18 e
0 1 3 4 7 8 10 11 16 18 e
0 1 2 4 7 10 13 15 17 18 e
0 1 2 4 6 8 10 13 16 18 e
0 1 3 4 7 8 10 13 16 17 e
0 1 4 5 7 8 10 13 16 17 e
0 1 3 4 7 8 10 16 17 18 e
0 1 2 4 6 8 10 13 17 18 e
0 6 7 8 10 13 15 16 17 18 e
0 1 2 5 8 10 13 15 17 18 e
0 1 4 6 7 8 10 13 16 17 e
0 3 4 7 8 10 11 13 14 18 e
0 1 2 4 8 11 13 17 18 19 e
0 1 2 4 6 8 10 15 16 18 e
0 1 4 6 7 8 10 13 16 18 e
0 1 2 4 6 8 10 11 13 18 e
0 1 2 6 7 8 10 11 13 16 e
0 1 2 4 5 8 10 13 17 18 e
0 1 2 6 7 8 10 11 13 17 e
0 2 4 6 7 8 10 11 13 18 e
0 1 4 5 6 8 10 11 13 17 e
0 2 4 6 8 10 13 14 17 18 e
0 1 4 6 7 8 10 13 15 16 e
0 2 4 6 7 8 10 13 16 18 e
0 2 6 7 8 10 11 13 14 18 e
0 2 4 6 8 10 11 13 18 19 e
0 1 3 4 7 8 10 11 14 18 e
0 1 2 5 6 8 10 11 13 17 e
0 1 4 5 6 8 10 13 15 16 e
0 1 4 5 6 8 10 13 16 17 e
0 2 4 7 8 10 11 13 14 18 e
