100
1 2 3 5 8 13 18 e
1 2 3 5 8 11 13 e
1 2 3 5 8 16 18 e
1 2 3 5 8 11 18 e
1 2 3 5 8 11 16 e
1 2 3 5 8 11 14 e
1 2 3 5 8 12 18 e
1 2 5 7 8 9 13 16 18 e
1 2 3 5 8 16 20 e
1 2 3 5 8 12 16 e
1 2 3 5 8 11 12 e
1 2 3 5 8 11 20 e
1 2 5 7 8 9 13 18 19 e
1 2 3 5 8 13 16 18 e
1 2 3 5 8 13 18 19 e
1 2 3 5 8 11 13 18 e
1 2 5 7 8 9 12 13 18 e
1 2 5 7 8 9 11 16 18 e
1 2 5 7 8 9 11 14 18 e
1 2 5 7 8 9 11 13 18 e
1 2 5 7 8 9 11 14 16 e
1 2 3 5 8 11 13 16 e
1 2 3 5 8 12 20 e
1 2 3 8 11 13 16 18 19 23 24 e
1 2 3 5 8 11 13 23 e
1 2 3 5 8 11 16 18 e
1 2 3 5 8 12 13 18 e
1 2 3 8 11 13 14 18 19 23 24 e
1 2 3 8 11 13 14 16 18 19 23 e
1 2 3 8 11 12 13 14 16 18 19 e
1 2 3 5 11 13 18 19 21 23 24 e
1 2 3 4 8 11 16 e
1 2 3 8 11 12 13 18 19 23 24 e
1 2 3 5 8 11 14 18 e
1 2 3 5 8 11 14 16 e
1 2 3 5 8 11 12 18 e
1 2 3 5 8 11 13 20 e
1 2 3 8 11 12 13 14 18 19 23 e
1 2 5 7 8 9 11 12 16 e
1 2 5 7 8 9 11 13 16 18 e
1 2 3 5 11 13 14 18 19 21 23 e
1 2 3 5 8 12 16 18 e
1 2 5 7 8 9 11 13 18 19 e
1 2 5 7 8 9 13 18 19 23 e
1 2 3 4 8 11 14 e
1 2 3 5 8 11 16 20 e
1 2 3 4 8 12 16 e
1 2 3 5 8 11 12 16 e
1 2 5 7 8 9 13 16 18 19 e
1 2 3 7 8 11 13 e
1 2 3 5 8 11 12 14 e
1 2 5 6 7 8 13 16 18 e
1 2 3 4 8 11 12 e
1 2 3 7 8 12 18 e
1 2 5 6 7 8 11 13 16 e
1 3 7 8 9 11 13 14 16 18 19 23 24 e
1 2 3 5 8 11 13 16 18 e
1 2 5 7 8 9 11 13 14 18 e
1 2 3 5 8 12 16 20 e
1 2 5 6 7 8 11 16 18 e
1 2 3 5 8 12 18 20 e
1 2 3 5 8 13 16 18 19 e
1 2 3 5 7 8 e
1 2 3 5 8 11 12 20 e
1 2 3 5 8 11 13 18 19 e
1 2 3 5 8 11 13 16 23 e
1 2 5 6 7 8 11 13 18 e
1 2 3 5 8 12 13 18 19 e
1 2 3 5 8 12 13 16 18 e
1 3 7 8 9 11 12 13 14 16 18 19 23 e
1 2 5 6 7 8 12 16 18 e
1 2 3 5 8 11 13 14 18 e
1 2 5 6 7 8 13 18 19 e
1 2 3 8 11 13 14 16 18 19 23 24 e
1 3 7 8 9 11 12 13 14 15 16 18 19 e
1 2 3 5 8 11 12 13 18 e
1 2 5 6 7 8 16 17 18 e
1 2 3 5 8 13 18 19 21 e
1 2 5 7 8 9 11 13 16 18 19 e
1 2 3 5 11 13 16 18 19 21 23 24 e
1 2 3 5 8 13 18 19 23 e
1 2 5 6 7 8 11 12 16 e
1 2 3 5 8 11 14 16 18 e
1 2 5 6 7 8 11 13 17 e
1 2 3 5 8 11 12 16 18 e
1 2 3 5 8 11 13 14 23 e
1 2 3 5 8 11 13 16 20 e
1 3 7 8 9 11 12 13 14 18 19 20 23 e
1 2 5 6 7 8 12 16 20 e
1 2 3 8 11 12 13 14 18 19 23 24 e
1 2 3 8 11 12 13 14 16 18 19 23 e
1 2 5 6 7 8 11 16 20 e
1 2 3 8 11 12 13 16 18 19 23 24 e
1 2 3 5 11 13 14 18 19 21 23 24 e
1 2 3 5 8 11 13 20 23 e
1 2 3 5 8 11 12 14 18 e
1 2 5 6 7 8 11 17 20 e
1 2 5 7 8 9 11 13 14 18 19 e
1 2 5 7 8 9 11 13 18 19 23 e
1 2 3 5 7 8 18 e
