100
1 2 3 4 9 10 14 22 e
1 2 3 4 9 10 14 18 e
1 2 3 4 9 10 14 26 e
1 2 3 4 9 10 18 26 e
1 2 3 8 9 10 11 13 14 22 26 e
1 2 3 8 9 10 11 14 18 22 26 e
1 2 3 4 9 10 18 28 e
1 2 3 4 9 10 14 28 e
1 2 3 8 9 10 11 14 15 22 26 e
1 2 3 4 9 10 14 18 22 e
1 2 3 8 9 10 11 14 15 18 22 e
1 2 3 4 9 10 14 22 26 e
1 2 3 8 9 10 11 14 18 22 28 e
1 2 3 8 9 10 11 13 14 18 26 e
0 1 2 4 10 11 14 26 e
1 2 3 4 9 10 14 22 28 e
1 2 3 4 9 11 14 22 e
1 2 3 4 9 10 14 18 26 e
1 2 3 4 9 10 14 15 22 e
0 1 2 4 10 11 14 18 e
0 1 2 4 10 12 15 16 e
0 1 2 4 10 12 16 26 e
0 1 2 4 10 11 14 15 e
1 2 3 4 10 11 14 15 e
1 2 3 4 9 10 14 18 28 e
1 2 3 4 10 12 16 18 e
0 1 2 4 10 11 14 29 e
0 1 2 4 10 12 14 20 e
1 2 3 4 10 11 14 18 e
0 1 2 4 10 11 15 26 e
1 2 3 4 10 11 14 26 e
1 2 3 8 9 10 11 14 15 18 22 26 e
1 2 3 4 10 12 15 16 e
1 2 3 4 10 12 15 18 e
0 1 2 4 10 12 16 20 e
1 2 3 4 9 10 13 26 e
1 2 3 4 10 11 14 29 e
1 2 3 4 10 12 14 15 e
0 1 2 4 10 12 20 26 e
1 2 3 4 10 12 14 18 e
0 1 2 4 10 12 14 18 e
1 2 3 4 10 12 14 16 e
1 2 3 8 9 10 11 13 14 18 22 26 e
1 2 3 4 9 10 13 14 26 e
0 1 2 4 10 11 14 20 e
0 1 2 4 10 11 20 26 e
1 2 3 4 10 12 14 26 e
0 1 2 4 10 12 15 26 e
1 2 3 8 9 11 12 14 15 18 22 e
1 2 3 4 10 11 14 28 e
1 2 3 4 9 11 14 18 e
0 1 2 4 5 9 14 22 e
0 1 2 4 10 11 15 29 e
1 2 3 4 9 10 14 18 22 26 e
0 1 2 4 10 11 26 29 e
1 2 3 4 10 12 16 26 e
1 2 3 4 10 12 16 28 e
1 2 3 4 10 11 15 26 e
1 2 3 8 9 10 11 12 e
0 1 2 4 10 11 23 29 e
0 1 2 4 10 11 14 15 26 e
1 2 3 4 10 11 15 28 e
0 1 2 4 10 11 14 18 20 e
1 2 3 4 5 10 14 22 e
0 1 2 4 10 11 14 20 26 e
1 2 3 4 10 11 15 29 e
1 2 3 4 9 10 13 18 26 e
1 2 3 4 9 10 14 15 18 22 e
1 2 3 4 9 11 14 15 22 e
1 2 3 4 10 12 15 26 e
1 2 3 4 10 12 18 28 e
1 2 3 4 9 10 13 14 22 26 e
1 2 3 4 5 9 14 22 e
1 2 3 4 10 11 13 26 e
1 2 3 4 10 11 28 29 e
1 2 3 8 9 10 11 14 15 18 22 28 e
1 2 3 4 10 11 26 29 e
1 2 3 4 9 11 14 18 22 e
1 2 3 8 9 10 11 12 14 e
0 1 2 4 10 11 13 26 e
0 1 2 4 5 9 10 e
1 2 3 4 10 11 14 18 26 e
1 2 3 4 9 10 11 e
1 2 3 4 10 11 23 29 e
1 2 3 4 10 11 14 18 29 e
1 2 3 4 10 12 16 18 26 e
1 2 3 4 10 11 14 15 18 e
1 2 3 4 10 11 14 18 28 e
0 1 2 4 10 11 15 20 26 e
0 1 2 4 10 11 15 26 29 e
1 2 3 4 10 11 14 15 28 e
1 2 3 8 9 10 11 12 28 e
1 2 3 4 10 11 14 15 29 e
1 2 3 8 9 10 11 12 26 e
1 2 3 8 9 10 11 12 14 22 e
1 2 3 8 9 10 11 12 18 e
1 2 3 4 5 9 10 e
1 2 3 4 9 11 14 15 18 22 e
1 2 3 4 9 10 11 28 e
0 1 2 4 10 11 20 29 e
