100
0 1 2 4 8 9 25 28 e
0 1 2 4 8 9 20 25 e
0 1 2 4 8 9 21 28 e
0 1 2 4 8 12 25 28 e
0 1 2 4 5 8 25 28 e
0 1 2 4 8 9 20 25 28 e
0 1 2 4 8 9 21 23 28 e
0 1 2 4 8 12 21 28 e
0 1 2 4 9 12 21 28 e
0 1 2 4 8 12 14 28 e
0 1 2 4 8 12 20 25 e
0 1 2 4 5 8 21 28 e
0 1 2 4 8 9 21 25 28 e
0 1 2 4 9 12 13 14 e
0 1 4 6 8 9 11 20 21 25 28 e
0 1 4 6 8 9 11 20 25 26 28 e
0 1 2 4 8 11 25 28 e
0 1 4 6 8 9 11 12 e
0 1 2 4 8 11 21 28 e
0 1 2 4 6 9 26 28 e
0 1 2 4 6 9 21 28 e
0 1 4 6 8 9 11 17 21 23 28 e
0 1 2 4 8 12 14 25 e
0 1 2 4 8 9 12 e
0 1 2 4 8 12 21 23 28 e
0 1 4 6 8 9 11 21 23 26 28 e
0 1 4 6 8 9 12 20 21 25 28 e
0 1 4 6 8 9 11 21 23 25 28 e
0 1 2 4 9 12 21 23 28 e
0 1 2 4 8 12 21 25 28 e
0 1 4 6 8 9 11 25 26 27 28 e
0 1 2 4 8 12 20 25 28 e
0 1 2 4 8 12 13 14 e
0 1 2 4 9 12 13 14 28 e
0 1 2 4 5 9 21 28 e
0 1 4 6 8 9 11 21 25 26 28 e
0 1 2 4 5 12 14 28 e
0 1 2 4 8 12 14 25 28 e
0 1 2 4 9 11 21 28 e
0 1 4 6 8 9 12 14 20 25 28 e
0 1 2 4 6 9 21 23 28 e
0 1 4 6 8 9 11 21 26 27 28 e
0 1 2 4 5 8 9 e
0 1 2 4 6 8 9 e
0 1 2 4 6 9 26 27 e
0 1 4 6 8 9 12 21 23 25 28 e
0 1 2 4 9 12 14 21 28 e
0 1 2 4 6 9 16 26 e
0 1 2 4 8 9 21 23 25 28 e
0 1 2 4 8 12 14 21 28 e
0 1 2 4 8 9 17 21 23 28 e
0 1 2 4 5 9 21 23 28 e
0 1 2 4 8 9 20 21 25 28 e
0 1 2 4 9 12 20 21 23 28 e
0 1 4 6 8 9 11 20 21 23 25 28 e
0 1 2 4 9 12 13 14 18 e
0 1 2 4 5 12 13 14 e
0 1 2 4 8 9 12 28 e
0 1 2 4 8 9 11 e
0 1 2 4 8 12 13 14 18 e
0 1 4 6 7 8 9 11 e
0 1 2 4 8 12 13 14 25 e
0 1 2 4 5 8 12 e
0 1 2 4 5 8 9 28 e
0 1 2 4 6 9 21 26 28 e
0 1 2 4 8 12 21 23 25 28 e
0 1 2 4 6 9 16 26 28 e
0 1 4 6 8 9 11 12 25 e
0 1 4 6 8 9 11 21 23 25 26 28 e
0 1 2 4 6 9 12 e
0 1 4 6 8 9 12 20 21 23 25 28 e
0 1 2 4 5 9 12 e
0 1 2 4 8 9 12 25 e
0 1 2 4 6 8 9 28 e
0 1 4 6 8 9 11 20 25 26 27 28 e
0 1 2 4 6 9 20 21 23 28 e
0 1 2 4 9 12 13 14 15 18 e
0 1 2 4 8 9 12 14 e
0 1 2 4 6 9 26 27 28 e
0 1 4 6 7 8 9 11 28 e
0 1 2 4 5 8 9 25 e
0 1 2 4 6 8 9 25 e
0 1 2 4 5 12 13 14 18 e
0 1 2 4 6 9 12 28 e
0 1 2 4 8 9 20 21 23 25 28 e
0 1 2 4 6 9 16 26 27 e
0 1 2 4 8 9 17 21 23 25 28 e
0 1 2 4 6 9 21 23 26 28 e
0 1 2 4 9 11 12 e
0 1 4 6 7 8 9 11 25 e
0 1 2 4 6 8 9 26 e
0 1 2 4 8 9 11 28 e
0 1 2 4 8 11 12 e
0 1 4 6 7 8 9 11 26 e
0 1 2 4 9 11 12 28 e
0 1 2 4 6 8 9 25 28 e
0 1 2 4 8 17 20 21 23 25 28 e
0 1 2 4 9 12 14 28 e
0 1 4 6 7 8 9 11 25 28 e
0 1 4 6 8 9 11 17 21 23 26 28 e
