100
1 2 4 6 7 12 15 16 17 18 19 21 27 28 29 e
1 2 3 4 6 12 16 17 18 19 21 22 27 28 29 e
1 2 4 6 7 12 15 16 17 18 19 21 22 27 28 e
1 2 3 4 6 7 12 16 17 18 19 21 22 27 28 e
1 2 4 6 7 11 12 16 17 18 19 21 22 27 29 e
1 2 4 6 12 15 16 17 18 19 20 21 22 27 28 e
1 2 4 6 7 12 16 17 18 19 21 22 27 28 29 e
1 2 3 4 6 7 12 16 17 18 19 21 22 27 29 e
1 2 3 4 6 12 15 16 17 18 19 21 22 27 28 e
1 2 4 6 7 11 12 16 17 18 19 21 27 28 29 e
1 2 4 6 7 11 12 15 16 17 18 19 21 22 27 e
1 2 3 4 6 7 12 15 16 17 18 19 21 22 27 e
1 2 3 4 6 12 15 16 17 18 19 21 27 28 29 e
1 2 4 6 12 16 17 18 19 20 21 22 27 28 29 e
1 2 3 4 6 7 12 16 17 18 19 21 25 27 29 e
1 2 3 4 6 7 11 16 17 18 19 21 27 28 29 e
1 2 3 4 6 12 16 17 18 19 20 21 22 27 28 e
1 2 4 6 7 11 12 16 17 18 19 21 22 27 28 e
1 2 4 6 7 12 16 17 18 19 20 21 22 27 29 e
1 2 4 6 7 12 15 16 17 18 19 20 21 22 27 e
1 2 4 6 7 12 16 17 18 19 20 21 27 28 29 e
1 2 3 4 6 7 12 15 16 17 18 19 21 27 28 e
1 2 3 4 6 11 12 16 17 18 21 22 27 28 29 e
1 2 3 4 6 12 16 17 18 20 21 22 27 28 29 e
1 2 3 6 7 12 15 16 17 18 19 21 22 27 28 e
1 4 6 7 11 12 13 16 17 18 19 21 27 28 29 e
1 2 4 6 7 12 15 16 17 18 19 20 21 27 28 e
1 2 4 6 7 11 15 16 17 18 19 21 22 27 28 e
1 2 3 4 6 12 16 17 18 19 20 21 22 27 29 e
1 2 4 6 7 12 15 16 17 18 19 20 21 27 29 e
1 3 4 6 7 12 15 16 17 18 19 21 22 27 28 e
1 2 3 4 6 12 16 17 18 19 20 21 27 28 29 e
1 2 3 4 6 11 16 17 18 19 21 22 27 28 29 e
2 3 4 6 7 12 16 17 18 19 21 22 27 28 29 e
1 2 4 6 7 11 12 15 16 17 18 19 21 27 28 e
1 2 4 6 7 12 15 16 17 18 19 21 25 27 29 e
1 3 4 6 7 12 16 17 18 19 20 21 27 28 29 e
1 2 4 6 7 12 16 17 18 19 20 21 22 27 28 e
1 2 4 6 7 11 15 16 17 18 19 21 27 28 29 e
1 2 3 4 6 7 12 16 17 18 19 20 21 22 27 e
1 3 4 6 12 16 17 18 19 20 21 22 27 28 29 e
1 2 4 6 7 11 12 15 16 17 18 19 21 27 29 e
1 2 4 6 7 11 16 17 18 19 21 22 27 28 29 e
1 3 4 6 7 12 16 17 18 19 20 21 22 27 29 e
1 2 3 4 6 12 15 16 17 18 20 21 22 27 28 e
1 2 3 4 6 12 15 16 17 18 19 21 22 25 27 e
1 4 6 7 11 13 15 16 17 18 19 21 27 28 29 e
1 3 4 6 12 15 16 17 18 19 20 21 22 27 28 e
1 2 3 4 6 7 12 16 17 18 19 21 25 27 28 e
1 2 3 4 6 11 15 16 17 18 19 21 22 27 28 e
1 2 3 4 6 7 12 16 17 18 19 20 21 27 29 e
1 2 3 4 6 7 11 16 17 18 19 21 22 27 28 e
1 2 3 4 6 12 15 16 17 18 20 21 27 28 29 e
1 2 3 4 6 12 15 16 17 18 19 20 21 22 27 e
1 2 4 6 7 11 12 16 17 18 19 21 25 27 29 e
1 3 4 6 7 12 16 17 18 19 20 21 22 27 28 e
1 2 3 4 6 7 12 15 16 17 18 19 21 27 29 e
1 2 3 4 6 7 12 16 17 18 19 20 21 27 28 e
1 2 3 4 6 12 15 16 17 18 19 21 25 27 28 e
1 2 4 6 7 12 15 17 18 19 20 21 22 27 28 e
1 2 4 6 7 11 12 17 18 19 21 22 27 28 29 e
1 2 4 6 11 12 16 17 18 19 20 21 22 27 29 e
1 2 3 4 6 7 11 16 17 18 19 21 25 27 29 e
1 3 4 6 7 12 15 16 17 18 19 20 21 22 27 e
1 2 3 4 6 7 11 16 17 18 19 21 22 27 29 e
2 3 4 6 12 16 17 18 19 20 21 22 27 28 29 e
1 2 3 4 6 11 15 16 17 18 19 21 27 28 29 e
1 2 6 7 12 15 16 17 18 19 20 21 22 27 28 e
2 3 4 6 7 12 16 17 18 19 20 21 27 28 29 e
1 2 4 6 7 11 15 16 17 18 19 21 25 27 29 e
1 2 4 6 7 12 15 17 18 19 20 21 27 28 29 e
2 3 4 6 7 12 16 17 18 19 20 21 22 27 29 e
1 2 3 6 12 15 16 17 18 19 20 21 22 27 28 e
1 2 3 4 6 7 12 17 18 19 20 21 27 28 29 e
2 3 4 6 7 11 16 17 18 19 21 22 27 28 29 e
1 2 4 6 7 12 15 16 17 18 19 20 21 25 27 e
1 2 3 4 6 7 12 17 18 19 20 21 22 27 28 e
1 2 6 7 12 15 16 17 18 19 21 22 24 27 28 e
1 2 3 4 6 7 11 15 16 17 18 19 21 22 27 e
1 2 4 7 11 12 16 17 18 19 20 21 22 27 29 e
1 3 4 6 7 12 15 16 17 18 19 20 21 27 28 e
1 3 4 6 7 12 16 17 19 20 21 26 27 28 29 e
1 3 4 6 12 15 16 17 19 20 21 22 26 27 28 e
1 4 6 7 12 16 17 18 19 20 21 22 27 28 29 e
1 2 3 4 7 12 15 16 17 18 19 20 21 22 27 e
1 2 3 4 7 12 16 17 18 19 20 21 25 27 29 e
1 3 6 7 12 15 16 17 18 19 20 21 22 27 28 e
1 2 3 6 7 12 15 16 17 18 19 20 21 22 27 e
1 2 3 4 7 11 12 16 17 18 19 21 22 27 29 e
2 4 6 7 11 12 15 16 17 18 19 21 27 28 29 e
1 3 4 6 7 12 16 17 20 21 22 26 27 28 29 e
2 4 6 7 11 12 16 17 18 19 21 22 27 28 29 e
1 2 3 4 6 12 15 16 17 18 20 21 25 27 28 e
1 3 4 6 7 12 15 16 17 19 20 21 22 26 27 e
1 2 3 4 6 8 11 12 16 17 18 19 21 27 29 e
1 3 4 6 7 12 15 16 17 19 20 21 26 27 28 e
1 4 6 12 16 17 18 19 20 21 22 26 27 28 29 e
1 3 4 6 7 12 15 16 17 19 20 21 22 27 28 e
1 3 4 6 7 12 15 16 17 18 19 20 21 25 27 e
1 2 3 4 6 7 12 16 17 18 19 21 27 28 29 e
