100
1 2 4 6 7 8 12 16 25 27 28 e
1 2 4 6 7 9 12 16 25 27 28 e
1 2 4 6 7 8 12 16 17 27 28 e
0 1 2 4 6 7 16 28 e
1 2 4 6 7 8 12 16 17 25 28 e
0 1 2 4 6 7 27 28 e
1 2 4 6 7 8 12 16 22 27 28 e
0 1 2 4 6 7 22 27 e
1 2 4 6 7 9 12 16 20 25 28 e
0 1 2 4 6 7 16 27 28 e
0 1 4 6 7 11 12 16 25 27 28 e
0 1 2 4 6 7 16 25 28 e
1 2 4 6 7 8 12 16 17 28 29 e
1 2 4 6 7 9 12 16 22 27 28 e
1 2 4 6 7 9 12 16 20 27 28 e
1 2 4 6 7 8 12 16 17 25 27 28 e
1 2 4 6 7 8 12 16 22 25 27 28 e
1 2 4 6 7 9 12 16 22 25 27 28 e
0 1 2 4 6 7 16 25 27 28 e
1 2 4 6 7 9 12 20 22 27 28 e
1 2 4 6 7 8 12 17 22 27 28 e
0 1 2 4 6 7 22 27 28 e
1 2 4 6 7 8 12 16 17 22 27 28 e
0 1 4 6 7 8 11 16 25 27 28 e
1 2 4 6 7 8 12 17 27 28 29 e
1 2 4 6 7 8 12 16 17 25 28 29 e
1 2 4 6 7 8 9 12 e
0 1 2 4 7 8 16 28 e
1 2 4 6 7 9 12 16 20 25 27 28 e
0 1 2 4 6 12 16 28 e
1 2 4 6 7 8 12 17 22 27 29 e
0 1 2 4 6 8 16 28 e
1 2 4 6 7 9 12 16 20 26 28 e
0 1 2 4 6 7 16 22 27 28 e
1 2 4 6 7 8 12 16 17 27 28 29 e
1 2 4 6 7 8 12 16 17 22 25 27 28 e
1 2 4 6 7 9 12 16 20 22 27 28 e
1 2 4 6 7 8 12 15 17 28 29 e
1 2 4 6 7 8 12 15 17 27 29 e
1 2 4 6 7 9 12 16 20 25 26 28 e
0 1 2 4 6 12 16 25 28 e
0 1 4 6 7 8 11 12 e
0 1 2 4 6 7 16 22 25 27 28 e
1 2 4 6 7 9 12 20 26 27 28 e
0 1 2 4 6 8 17 28 e
1 2 4 6 7 9 12 20 22 26 27 e
1 2 4 6 8 9 12 16 17 25 28 e
0 1 2 4 6 8 16 25 28 e
0 1 4 6 7 8 11 16 17 27 28 e
1 2 4 6 7 8 12 16 17 25 27 28 29 e
0 1 2 4 7 8 27 28 e
0 1 2 4 6 7 12 e
1 2 4 6 8 9 12 16 20 25 28 e
0 1 2 4 7 8 22 27 e
1 2 4 6 7 8 9 12 28 e
0 1 2 4 7 8 16 25 28 e
1 2 4 6 7 8 9 12 17 e
1 2 4 6 7 8 12 15 17 27 28 29 e
0 1 2 4 7 8 16 27 28 e
0 1 2 4 7 8 17 27 e
1 2 4 6 7 8 12 15 17 24 29 e
0 1 4 5 6 7 11 12 e
1 2 4 6 7 9 12 16 20 26 27 28 e
0 1 2 4 7 8 17 28 e
0 1 2 4 7 11 27 28 e
1 2 4 6 7 8 9 12 20 e
1 2 4 6 8 9 12 16 17 28 29 e
0 1 2 4 7 11 22 27 e
0 1 2 4 6 8 17 29 e
1 2 4 6 7 8 9 12 16 28 e
0 1 2 4 6 8 16 17 28 e
0 1 2 4 7 11 16 28 e
0 1 2 4 6 11 16 28 e
0 1 2 4 6 11 27 28 e
0 1 2 4 7 8 16 17 28 e
1 2 4 6 8 9 12 16 17 20 28 e
0 1 2 4 7 8 16 25 27 28 e
0 1 2 4 7 11 16 25 28 e
0 1 2 4 7 8 17 29 e
0 1 2 4 6 7 12 28 e
0 1 2 4 7 8 22 27 28 e
0 1 2 4 6 7 8 e
0 1 2 4 7 8 17 27 28 e
0 1 2 4 6 7 12 27 e
0 1 2 4 7 11 21 28 e
0 1 2 4 6 8 16 17 25 28 e
0 1 4 6 7 8 11 12 17 e
0 1 2 4 6 7 8 27 e
0 1 2 4 6 11 21 28 e
1 2 4 6 7 8 9 12 16 25 28 e
0 1 2 4 7 8 16 22 27 28 e
0 1 2 4 7 8 16 17 25 28 e
0 1 2 4 6 8 17 28 29 e
1 2 4 6 8 9 12 16 17 20 25 28 e
0 1 2 4 6 11 16 25 28 e
0 1 2 4 7 8 17 28 29 e
0 1 2 4 6 7 11 e
0 1 4 5 6 7 11 12 27 e
0 1 2 4 7 8 16 17 28 29 e
0 1 2 4 7 8 16 17 27 28 e
