The objective is: 
349088
The running time is: 
3948.47
The time meeting best is: 
3919.22
Location: 3(load: 723) 
 Route 0(load: 125) 41 189 169 155 171 190 192 25 
 Route 1(load: 148) 166 172 180 199 158 5 3 4 45 
 Route 2(load: 150) 6 29 0 14 154 182 197 185 198 
 Route 3(load: 150) 191 150 156 181 170 178 164 167 174 175 
 Route 4(load: 150) 163 177 165 186 184 196 48 179 161 159 
Location: 10(load: 1172) 
 Route 0(load: 146) 109 138 123 119 144 118 135 128 7 11 2 
 Route 1(load: 146) 19 145 130 148 112 125 106 117 22 8 
 Route 2(load: 147) 160 195 188 173 183 13 36 39 20 
 Route 3(load: 149) 120 139 103 114 111 136 132 113 24 46 15 
 Route 4(load: 148) 61 58 62 16 57 74 72 88 92 73 
 Route 5(load: 149) 126 107 102 122 26 105 143 27 28 21 
 Route 6(load: 137) 43 85 56 63 51 75 71 70 68 
 Route 7(load: 150) 168 193 157 151 176 152 162 194 187 153 
Location: 12(load: 1163) 
 Route 0(load: 138) 1 38 42 33 49 34 23 9 10 
 Route 1(load: 131) 64 87 98 50 17 18 32 12 
 Route 2(load: 150) 35 44 133 47 116 30 147 137 104 127 
 Route 3(load: 150) 54 31 110 142 146 121 131 140 40 
 Route 4(load: 148) 37 66 83 65 96 90 79 81 86 59 
 Route 5(load: 150) 77 67 93 82 52 80 99 55 84 69 
 Route 6(load: 146) 97 78 53 76 95 89 94 60 91 
 Route 7(load: 150) 141 108 134 100 149 129 124 115 101 
The actual cost is 349088
