The objective is: 
356887
The running time is: 
3050.94
The time meeting best is: 
2878.92
Location: 6(load: 892) 
 Route 0(load: 146) 153 152 171 132 168 169 148 139 198 177 
 Route 1(load: 150) 165 195 143 164 135 166 176 186 138 190 
 Route 2(load: 146) 188 159 161 147 163 183 182 175 192 137 
 Route 3(load: 150) 185 140 141 187 199 158 157 180 144 150 
 Route 4(load: 150) 142 174 160 146 197 172 196 170 154 
 Route 5(load: 150) 156 173 179 184 149 181 193 189 191 151 
Location: 7(load: 932) 
 Route 0(load: 142) 72 67 95 78 82 66 80 92 131 
 Route 1(load: 144) 86 97 100 115 73 68 102 107 109 
 Route 2(load: 145) 112 98 89 87 69 129 84 106 117 130 
 Route 3(load: 150) 70 101 96 118 119 77 116 120 108 99 
 Route 4(load: 84) 114 104 110 76 74 
 Route 5(load: 119) 113 122 83 125 94 85 123 
 Route 6(load: 148) 121 81 126 79 128 90 93 124 105 88 
Location: 8(load: 1244) 
 Route 0(load: 150) 0 41 29 8 49 22 56 9 1 25 
 Route 1(load: 148) 24 30 2 32 57 14 55 40 20 
 Route 2(load: 149) 5 26 19 10 36 47 59 64 38 16 63 
 Route 3(load: 149) 43 50 53 3 58 13 15 6 62 42 
 Route 4(load: 144) 52 17 45 7 60 28 54 39 44 
 Route 5(load: 141) 11 21 18 65 75 127 46 71 12 
 Route 6(load: 148) 31 27 33 23 37 4 34 48 51 
 Route 7(load: 72) 35 111 91 103 61 
 Route 8(load: 143) 136 178 162 145 194 155 133 167 134 
The actual cost is 356887
