The objective is: 
406685
The running time is: 
3606.19
The time meeting best is: 
3599.41
Location: 1(load: 862) 
 Route 0(load: 148) 56 68 33 96 73 1 43 85 88 
 Route 1(load: 149) 2 4 15 75 10 47 27 99 6 
 Route 2(load: 139) 97 32 12 65 111 84 165 24 120 
 Route 3(load: 143) 52 69 49 74 79 48 53 17 63 
 Route 4(load: 136) 19 87 29 37 41 60 98 46 31 
 Route 5(load: 147) 151 155 183 109 161 149 137 110 119 122 
Location: 3(load: 940) 
 Route 0(load: 141) 81 72 78 30 86 77 76 34 0 
 Route 1(load: 147) 90 55 3 13 51 36 20 83 54 
 Route 2(load: 135) 39 70 57 61 95 23 40 45 
 Route 3(load: 144) 7 42 22 94 38 92 80 16 8 28 
 Route 4(load: 147) 89 18 64 93 50 66 58 14 
 Route 5(load: 144) 26 62 5 91 21 71 67 35 82 
 Route 6(load: 82) 44 11 9 59 25 
Location: 5(load: 1332) 
 Route 0(load: 146) 154 195 167 191 144 145 100 113 174 153 
 Route 1(load: 149) 140 173 150 134 136 101 193 102 116 108 
 Route 2(load: 147) 103 177 171 197 141 127 130 156 
 Route 3(load: 143) 106 104 170 128 199 129 182 157 169 
 Route 4(load: 149) 124 105 123 142 168 107 184 146 115 163 
 Route 5(load: 150) 176 118 186 131 117 112 158 133 188 175 
 Route 6(load: 150) 189 135 159 114 194 152 196 185 181 126 
 Route 7(load: 150) 164 162 180 198 179 121 125 132 148 172 
 Route 8(load: 148) 138 160 139 190 178 143 192 147 166 187 
The actual cost is 406685
