The objective is: 
369580
The running time is: 
3736.32
The time meeting best is: 
3037.23
Location: 1(load: 932) 
 Route 0(load: 149) 44 25 30 45 43 1 38 28 14 11 
 Route 1(load: 147) 58 59 16 55 70 62 67 71 94 
 Route 2(load: 68) 56 54 77 20 
 Route 3(load: 144) 63 85 90 76 83 42 91 66 57 74 
 Route 4(load: 148) 93 68 51 88 86 89 75 78 53 
 Route 5(load: 130) 69 52 92 81 73 98 99 61 95 
 Route 6(load: 146) 64 65 79 82 60 97 80 72 87 
Location: 3(load: 899) 
 Route 0(load: 150) 109 37 29 0 19 17 23 46 27 13 
 Route 1(load: 149) 8 100 101 129 146 138 117 143 126 111 
 Route 2(load: 150) 105 147 123 130 140 135 102 115 124 
 Route 3(load: 150) 110 134 121 128 149 103 145 106 112 137 
 Route 4(load: 150) 119 104 136 133 120 108 116 142 139 148 
 Route 5(load: 150) 114 122 107 113 141 125 127 131 144 118 132 
Location: 8(load: 1243) 
 Route 0(load: 150) 195 5 2 15 10 12 174 179 158 189 
 Route 1(load: 133) 166 157 176 168 183 180 197 187 162 
 Route 2(load: 91) 41 26 39 31 49 6 34 
 Route 3(load: 139) 35 7 155 154 186 161 198 159 
 Route 4(load: 147) 22 33 24 21 36 50 84 96 47 
 Route 5(load: 141) 185 150 169 190 48 40 4 9 32 
 Route 6(load: 147) 170 164 191 153 173 151 160 171 184 178 
 Route 7(load: 146) 167 177 156 163 199 3 172 181 188 
 Route 8(load: 149) 194 182 165 152 192 193 18 175 196 
The actual cost is 369580
