The objective is: 
366779
The running time is: 
3679.9
The time meeting best is: 
3649.47
Location: 1(load: 1301) 
 Route 0(load: 148) 177 192 98 62 107 173 25 144 4 140 
 Route 1(load: 149) 53 55 57 153 30 47 141 114 104 22 
 Route 2(load: 150) 134 37 109 178 113 120 6 135 121 146 
 Route 3(load: 139) 165 27 156 8 75 20 44 59 159 
 Route 4(load: 128) 13 93 119 32 117 72 46 151 
 Route 5(load: 140) 85 170 133 63 97 128 15 162 51 
 Route 6(load: 149) 118 56 172 17 148 187 82 80 124 
 Route 7(load: 149) 179 99 33 29 185 188 198 36 94 26 
 Route 8(load: 149) 112 5 131 92 88 23 12 100 176 
Location: 8(load: 947) 
 Route 0(load: 136) 161 43 132 0 196 126 164 116 
 Route 1(load: 101) 41 66 197 143 130 1 
 Route 2(load: 145) 74 7 24 19 111 152 86 65 158 
 Route 3(load: 148) 195 69 38 52 154 175 70 10 90 
 Route 4(load: 136) 16 142 163 193 50 95 81 45 103 
 Route 5(load: 137) 39 167 189 184 123 138 157 115 64 
 Route 6(load: 144) 145 129 108 54 40 180 122 190 67 61 
Location: 13(load: 885) 
 Route 0(load: 146) 182 191 79 2 28 14 68 87 147 
 Route 1(load: 149) 186 48 174 105 3 9 125 73 181 18 
 Route 2(load: 146) 71 35 60 149 101 96 11 110 169 
 Route 3(load: 148) 89 171 77 83 78 42 102 21 91 
 Route 4(load: 148) 58 136 127 194 31 155 106 160 199 
 Route 5(load: 148) 137 84 166 139 168 34 49 76 150 183 
The actual cost is 366779
