The objective is: 
593743
The running time is: 
5848.68
The time meeting best is: 
5836.51
Location: 3(load: 1463) 
 Route 0(load: 144) 62 71 29 0 7 56 87 89 79 72 
 Route 1(load: 149) 1 41 69 81 44 25 49 47 26 
 Route 2(load: 148) 48 24 2 54 68 36 31 4 22 
 Route 3(load: 150) 70 97 88 59 57 91 3 39 43 50 
 Route 4(load: 150) 5 15 83 11 77 52 37 95 65 
 Route 5(load: 137) 38 75 92 76 32 80 67 9 6 
 Route 6(load: 149) 33 99 55 20 19 8 35 34 18 
 Route 7(load: 144) 58 42 94 13 90 86 16 46 23 73 
 Route 8(load: 142) 14 60 40 64 82 53 45 93 
 Route 9(load: 150) 21 63 85 27 17 51 84 98 66 30 
Location: 9(load: 1842) 
 Route 0(load: 149) 118 137 169 151 184 100 127 113 158 
 Route 1(load: 150) 211 177 271 219 165 174 146 180 225 
 Route 2(load: 147) 257 223 149 263 285 237 255 213 201 266 
 Route 3(load: 150) 269 280 200 253 297 264 215 229 294 249 
 Route 4(load: 144) 260 247 241 261 275 228 254 202 268 
 Route 5(load: 150) 203 251 270 210 220 233 256 232 230 
 Route 6(load: 149) 250 246 265 278 207 204 262 293 224 
 Route 7(load: 144) 217 287 214 226 295 267 248 216 205 286 
 Route 8(load: 149) 208 212 284 218 234 259 206 279 244 
 Route 9(load: 148) 282 277 239 222 240 296 209 258 272 
 Route 10(load: 148) 221 273 231 298 299 291 235 274 281 
 Route 11(load: 143) 292 242 238 290 236 227 276 252 283 
 Route 12(load: 71) 245 243 289 288 
Location: 11(load: 1439) 
 Route 0(load: 143) 191 119 114 116 144 10 78 102 107 
 Route 1(load: 140) 162 155 96 74 103 61 12 28 150 
 Route 2(load: 150) 196 131 106 175 136 101 194 120 195 141 
 Route 3(load: 146) 156 166 139 164 187 104 145 188 199 133 
 Route 4(load: 150) 189 152 160 193 172 105 167 135 138 
 Route 5(load: 145) 168 129 179 163 186 197 125 108 148 192 
 Route 6(load: 150) 181 126 123 122 159 109 161 153 134 
 Route 7(load: 146) 140 142 178 154 170 147 132 110 183 143 
 Route 8(load: 120) 124 185 111 182 121 117 157 
 Route 9(load: 149) 190 198 128 130 115 171 173 176 112 
The actual cost is 593743
