The objective is: 
558831
The running time is: 
7779.72
The time meeting best is: 
7487.53
Location: 0(load: 1319) 
 Route 0(load: 146) 19 36 52 22 6 63 16 0 73 
 Route 1(load: 148) 5 48 15 23 218 155 192 217 2 
 Route 2(load: 147) 64 151 178 208 153 168 7 219 198 195 
 Route 3(load: 150) 9 185 160 180 187 222 161 171 210 
 Route 4(load: 137) 45 34 27 37 112 123 102 122 62 
 Route 5(load: 149) 205 188 202 197 173 152 28 163 175 221 154 
 Route 6(load: 144) 162 150 156 157 193 220 165 211 212 182 
 Route 7(load: 148) 209 158 169 183 196 179 203 224 215 174 
 Route 8(load: 150) 223 190 177 184 189 159 200 216 186 213 
Location: 11(load: 1448) 
 Route 0(load: 138) 33 1 25 18 70 8 51 53 32 
 Route 1(load: 150) 81 65 4 85 135 80 87 104 95 
 Route 2(load: 146) 72 55 11 30 74 67 57 10 75 84 
 Route 3(load: 139) 91 117 145 12 101 111 129 136 97 103 
 Route 4(load: 143) 42 40 116 126 141 124 89 113 125 
 Route 5(load: 141) 92 86 46 82 99 144 140 138 98 
 Route 6(load: 147) 118 77 107 142 132 115 120 121 69 
 Route 7(load: 145) 83 119 106 128 130 100 94 76 134 146 
 Route 8(load: 149) 139 96 90 137 79 78 105 147 114 127 
 Route 9(load: 150) 93 108 133 109 143 149 131 148 110 88 
Location: 14(load: 1821) 
 Route 0(load: 149) 38 24 43 49 26 14 3 60 29 
 Route 1(load: 148) 261 246 248 259 226 264 294 289 13 
 Route 2(load: 148) 269 61 31 20 17 35 238 227 287 243 
 Route 3(load: 150) 262 41 71 47 56 58 21 230 225 276 
 Route 4(load: 147) 39 172 191 214 170 181 204 176 68 44 
 Route 5(load: 150) 291 256 257 54 50 249 277 290 236 283 255 
 Route 6(load: 150) 66 164 199 167 206 207 201 194 166 59 
 Route 7(load: 149) 240 271 299 231 228 282 258 237 293 
 Route 8(load: 150) 250 288 285 253 263 298 229 281 247 
 Route 9(load: 32) 254 232 
 Route 10(load: 150) 239 286 295 278 233 245 241 268 284 251 
 Route 11(load: 150) 275 292 296 267 234 266 274 297 279 272 
 Route 12(load: 148) 265 252 235 244 242 273 280 270 260 
The actual cost is 558831
