The objective is: 
556948
The running time is: 
7188.77
The time meeting best is: 
7025.9
Location: 1(load: 1887) 
 Route 0(load: 149) 134 9 47 0 132 86 62 57 141 
 Route 1(load: 131) 16 149 80 25 3 138 104 36 
 Route 2(load: 142) 4 100 35 131 101 52 55 7 28 
 Route 3(load: 144) 51 253 147 73 67 124 11 126 102 
 Route 4(load: 147) 58 77 113 82 72 29 118 110 33 19 
 Route 5(load: 141) 121 114 90 38 127 107 98 59 88 
 Route 6(load: 150) 48 75 54 120 94 115 65 50 122 142 
 Route 7(load: 143) 125 152 215 283 216 273 196 204 202 
 Route 8(load: 149) 176 154 295 169 194 189 156 289 166 
 Route 9(load: 142) 264 228 220 221 160 260 256 186 192 274 
 Route 10(load: 150) 245 174 164 199 240 278 280 272 197 227 
 Route 11(load: 149) 291 269 290 178 225 223 285 195 170 
 Route 12(load: 150) 191 193 257 207 243 190 236 246 187 230 
Location: 7(load: 1429) 
 Route 0(load: 149) 241 258 209 212 252 232 150 162 184 165 
 Route 1(load: 147) 151 250 242 171 251 262 211 233 210 201 
 Route 2(load: 143) 153 200 265 263 231 163 155 239 181 287 
 Route 3(load: 150) 255 248 175 183 157 224 259 219 218 
 Route 4(load: 150) 206 222 277 158 276 185 205 244 279 172 
 Route 5(load: 146) 226 235 229 213 286 297 217 159 208 
 Route 6(load: 150) 267 299 288 238 161 177 294 281 270 
 Route 7(load: 102) 266 167 182 249 203 271 234 
 Route 8(load: 146) 180 296 173 268 188 168 282 292 254 179 
 Route 9(load: 146) 237 247 198 214 261 284 275 293 298 
Location: 10(load: 1329) 
 Route 0(load: 147) 83 143 1 60 144 103 26 20 39 137 
 Route 1(load: 142) 112 61 2 32 99 108 41 91 68 46 
 Route 2(load: 149) 10 30 24 49 5 23 21 34 128 
 Route 3(load: 147) 123 40 140 111 15 6 136 66 116 109 
 Route 4(load: 149) 53 87 43 85 145 8 148 27 17 
 Route 5(load: 145) 64 79 12 70 18 92 84 146 106 74 
 Route 6(load: 150) 76 14 129 96 119 13 45 44 37 
 Route 7(load: 150) 95 56 133 89 78 42 93 135 22 
 Route 8(load: 150) 81 130 105 31 71 139 69 117 97 63 
The actual cost is 556948
