The objective is: 
621894
The running time is: 
5298.81
The time meeting best is: 
5279.24
Location: 5(load: 1291) 
 Route 0(load: 145) 157 164 9 214 179 36 182 69 37 259 
 Route 1(load: 149) 125 187 135 194 45 237 12 221 74 199 
 Route 2(load: 150) 89 242 82 239 162 113 13 140 184 42 
 Route 3(load: 150) 175 62 252 282 123 94 238 29 295 277 
 Route 4(load: 148) 115 274 129 202 192 34 121 273 191 
 Route 5(load: 147) 148 219 169 211 95 298 213 41 265 226 
 Route 6(load: 146) 54 142 178 167 258 190 97 218 297 
 Route 7(load: 150) 234 215 101 99 177 144 236 118 111 71 163 
 Route 8(load: 106) 196 249 266 205 289 176 
Location: 7(load: 1319) 
 Route 0(load: 148) 292 294 251 11 183 10 253 0 117 
 Route 1(load: 150) 159 75 47 15 171 100 106 27 223 244 
 Route 2(load: 143) 72 43 61 16 170 20 91 21 197 
 Route 3(load: 150) 131 19 112 114 232 271 51 165 166 22 
 Route 4(load: 148) 146 35 80 268 134 158 154 23 260 257 
 Route 5(load: 149) 24 84 153 270 132 119 67 93 291 
 Route 6(load: 139) 255 56 272 26 151 262 33 59 209 
 Route 7(load: 148) 49 78 278 283 261 208 108 269 85 
 Route 8(load: 144) 285 147 222 296 73 225 137 217 248 
Location: 8(load: 2021) 
 Route 0(load: 147) 126 1 52 116 220 231 168 224 200 65 
 Route 1(load: 110) 195 6 206 193 107 2 127 
 Route 2(load: 149) 173 143 31 235 25 3 243 138 263 
 Route 3(load: 148) 150 189 39 4 290 70 299 174 44 
 Route 4(load: 136) 38 57 68 5 92 156 90 14 198 
 Route 5(load: 150) 7 256 275 161 207 66 87 88 133 109 
 Route 6(load: 148) 8 58 229 124 240 53 281 110 286 
 Route 7(load: 150) 40 102 280 18 254 247 203 83 241 17 136 
 Route 8(load: 149) 264 50 28 155 46 64 60 152 48 
 Route 9(load: 150) 98 279 230 79 180 77 103 30 246 250 
 Route 10(load: 150) 139 245 181 105 228 276 32 104 210 233 
 Route 11(load: 150) 288 55 145 120 130 216 172 212 63 86 
 Route 12(load: 147) 160 293 149 186 201 227 287 188 76 
 Route 13(load: 137) 81 284 128 204 185 267 141 122 96 
The actual cost is 621894
