The objective is: 
687179
The running time is: 
7669.75
The time meeting best is: 
7217.91
Location: 0(load: 1163) 
 Route 0(load: 128) 20 0 55 24 2 3 44 42 
 Route 1(load: 149) 41 46 13 15 18 50 8 58 67 
 Route 2(load: 149) 83 71 119 65 77 99 145 31 94 
 Route 3(load: 149) 107 121 148 113 112 70 63 76 134 
 Route 4(load: 142) 116 78 115 118 80 130 108 123 96 
 Route 5(load: 150) 137 87 103 139 95 124 143 109 81 
 Route 6(load: 150) 111 128 141 92 93 89 149 142 100 133 
 Route 7(load: 146) 146 126 131 102 105 110 114 135 106 
Location: 2(load: 1336) 
 Route 0(load: 150) 1 51 73 16 59 178 219 213 207 159 
 Route 1(load: 150) 9 26 52 36 33 5 22 30 69 21 
 Route 2(load: 150) 284 293 265 53 56 60 74 37 287 257 
 Route 3(load: 144) 39 43 49 234 298 264 228 245 282 
 Route 4(load: 148) 286 230 271 294 292 238 278 48 239 
 Route 5(load: 150) 203 200 212 152 164 163 169 172 150 68 
 Route 6(load: 150) 233 225 269 236 279 244 252 226 263 
 Route 7(load: 149) 295 235 268 275 276 285 255 288 258 
 Route 8(load: 145) 259 247 272 299 274 283 290 249 251 254 
Location: 11(load: 1029) 
 Route 0(load: 148) 6 281 297 267 243 253 273 232 246 242 
 Route 1(load: 143) 10 47 19 270 280 262 296 241 
 Route 2(load: 147) 29 32 17 14 25 261 256 250 248 45 
 Route 3(load: 147) 23 127 104 75 88 91 132 138 147 
 Route 4(load: 149) 38 122 86 120 90 144 79 125 82 34 62 
 Route 5(load: 145) 129 140 84 117 98 136 101 97 85 35 
 Route 6(load: 150) 291 229 266 231 237 260 227 289 240 277 
Location: 19(load: 1106) 
 Route 0(load: 148) 28 66 54 27 72 4 40 64 57 187 
 Route 1(load: 150) 192 7 223 217 197 216 161 180 168 196 
 Route 2(load: 142) 198 176 11 194 181 183 188 215 171 222 
 Route 3(load: 150) 157 179 151 186 61 12 221 211 167 165 
 Route 4(load: 144) 191 224 206 214 208 210 153 154 162 204 
 Route 5(load: 73) 190 174 185 155 193 
 Route 6(load: 149) 156 195 184 175 182 205 177 199 170 201 
 Route 7(load: 150) 218 220 189 209 173 202 166 158 160 
The actual cost is 687179
