The objective is: 
739410
The running time is: 
6989.74
The time meeting best is: 
6558.32
Location: 2(load: 1144) 
 Route 0(load: 129) 291 58 264 4 234 71 280 95 
 Route 1(load: 139) 107 7 54 267 61 128 151 136 64 
 Route 2(load: 149) 192 246 11 96 266 142 175 200 93 134 
 Route 3(load: 149) 15 42 213 265 137 112 254 194 62 
 Route 4(load: 150) 160 16 217 249 285 199 156 278 296 97 
 Route 5(load: 138) 250 155 84 161 272 116 233 277 57 
 Route 6(load: 145) 159 172 133 70 203 261 138 183 98 297 
 Route 7(load: 145) 86 190 110 242 232 212 214 237 284 
Location: 5(load: 1026) 
 Route 0(load: 150) 18 144 229 281 163 287 191 2 268 181 
 Route 1(load: 146) 80 3 119 105 275 27 147 189 173 
 Route 2(load: 149) 298 152 162 263 127 12 52 14 83 
 Route 3(load: 148) 60 224 35 231 187 47 205 26 180 295 
 Route 4(load: 138) 132 48 31 262 122 89 55 168 
 Route 5(load: 145) 87 182 102 45 75 101 74 73 46 
 Route 6(load: 150) 130 220 150 252 82 245 91 244 243 109 88 
Location: 6(load: 1280) 
 Route 0(load: 149) 131 258 145 108 36 178 0 204 30 81 
 Route 1(load: 147) 135 114 13 270 1 113 274 211 271 25 
 Route 2(load: 100) 286 8 292 193 33 276 
 Route 3(load: 142) 29 9 157 195 185 111 126 222 66 288 
 Route 4(load: 150) 19 210 206 24 215 53 121 153 208 
 Route 5(load: 147) 251 184 94 79 41 104 28 207 20 125 
 Route 6(load: 150) 223 239 34 78 115 22 103 140 72 63 
 Route 7(load: 147) 197 117 171 90 230 198 106 228 279 51 
 Route 8(load: 148) 260 256 120 209 253 166 255 290 257 299 
Location: 19(load: 1181) 
 Route 0(load: 139) 5 154 148 167 188 38 32 67 
 Route 1(load: 150) 124 39 170 65 236 56 282 6 85 241 
 Route 2(load: 150) 23 44 158 141 227 68 283 218 238 10 
 Route 3(load: 147) 17 50 146 216 129 164 149 123 174 
 Route 4(load: 147) 49 269 100 99 235 76 21 40 293 
 Route 5(load: 150) 201 92 226 225 139 165 294 37 289 248 
 Route 6(load: 150) 221 186 43 143 240 247 196 118 259 
 Route 7(load: 148) 77 179 169 59 202 176 177 69 273 219 
The actual cost is 739410
