The objective is: 
750633
The running time is: 
5077.25
The time meeting best is: 
5011.32
Location: 4(load: 1269) 
 Route 0(load: 113) 29 0 23 24 93 97 40 2 
 Route 1(load: 147) 45 78 1 14 96 60 70 86 63 82 
 Route 2(load: 120) 22 7 3 71 69 11 87 84 
 Route 3(load: 150) 89 43 67 4 9 12 52 31 34 59 92 
 Route 4(load: 150) 85 30 44 66 5 80 98 79 90 
 Route 5(load: 143) 55 39 10 38 35 8 54 91 
 Route 6(load: 150) 99 94 36 74 25 13 47 15 72 64 
 Route 7(load: 147) 27 26 81 49 41 16 75 68 58 
 Route 8(load: 149) 17 56 46 95 83 62 61 32 48 51 
Location: 11(load: 1230) 
 Route 0(load: 142) 145 152 65 141 76 73 33 88 28 21 
 Route 1(load: 149) 149 101 163 167 147 139 126 100 114 106 
 Route 2(load: 150) 102 202 231 285 257 262 207 213 273 212 
 Route 3(load: 150) 121 104 150 211 208 252 222 191 134 
 Route 4(load: 148) 105 286 256 266 276 237 221 215 118 
 Route 5(load: 148) 186 168 177 108 111 190 129 107 174 
 Route 6(load: 50) 172 117 113 
 Route 7(load: 143) 195 182 158 171 176 160 196 124 198 128 
 Route 8(load: 150) 136 138 173 156 185 140 179 135 187 
Location: 13(load: 872) 
 Route 0(load: 149) 103 123 131 148 130 120 18 37 19 57 
 Route 1(load: 148) 192 110 181 180 162 178 159 144 184 119 
 Route 2(load: 147) 115 155 165 183 157 151 133 112 132 
 Route 3(load: 145) 175 189 194 137 125 116 164 161 127 154 
 Route 4(load: 133) 170 122 193 153 169 166 142 197 199 
 Route 5(load: 150) 143 109 146 188 50 77 42 6 20 53 
Location: 16(load: 1230) 
 Route 0(load: 145) 283 280 200 292 275 220 299 241 248 226 
 Route 1(load: 117) 203 233 278 219 201 236 270 
 Route 2(load: 147) 277 294 204 253 230 296 290 264 287 
 Route 3(load: 143) 205 227 206 284 249 293 234 281 258 
 Route 4(load: 141) 242 265 245 260 269 235 289 209 216 244 
 Route 5(load: 137) 217 223 251 214 210 250 274 247 255 
 Route 6(load: 142) 243 298 224 225 229 218 240 291 232 
 Route 7(load: 148) 246 254 282 263 295 297 238 228 268 288 
 Route 8(load: 110) 272 261 271 259 279 267 239 
The actual cost is 750633
