The objective is: 
694525
The running time is: 
8335.62
The time meeting best is: 
8294.14
Location: 1(load: 1081) 
 Route 0(load: 141) 203 74 287 100 82 60 112 183 276 
 Route 1(load: 123) 200 252 273 210 198 122 284 191 
 Route 2(load: 147) 180 291 190 174 153 227 179 150 205 
 Route 3(load: 147) 189 251 292 195 230 151 253 186 281 221 
 Route 4(load: 147) 277 158 223 156 241 165 270 279 197 193 
 Route 5(load: 143) 233 199 294 280 216 275 176 244 162 173 
 Route 6(load: 94) 267 167 226 170 266 
 Route 7(load: 139) 282 232 295 211 212 258 208 237 290 
Location: 3(load: 1165) 
 Route 0(load: 138) 119 21 64 1 129 75 49 71 45 
 Route 1(load: 146) 87 2 7 111 143 11 46 108 13 56 
 Route 2(load: 149) 29 141 85 120 33 34 8 31 35 68 149 
 Route 3(load: 149) 131 9 125 76 105 114 106 53 102 81 36 
 Route 4(load: 150) 58 80 27 67 124 28 128 235 239 
 Route 5(load: 149) 184 228 166 157 242 163 164 296 246 234 
 Route 6(load: 134) 262 161 268 160 248 202 236 269 
 Route 7(load: 150) 181 220 171 249 271 219 188 215 247 289 
Location: 12(load: 1310) 
 Route 0(load: 144) 16 107 18 89 126 12 96 47 0 15 32 
 Route 1(load: 149) 77 6 137 115 97 93 133 140 101 98 
 Route 2(load: 137) 63 95 51 94 72 62 24 57 113 
 Route 3(load: 139) 254 265 243 263 169 229 152 231 
 Route 4(load: 150) 182 154 297 286 283 187 272 278 259 206 255 
 Route 5(load: 145) 293 298 155 168 175 224 209 218 196 
 Route 6(load: 146) 274 159 240 177 250 178 201 225 285 192 
 Route 7(load: 150) 238 257 172 245 185 264 260 222 214 
 Route 8(load: 150) 256 213 194 217 299 261 288 204 207 
Location: 17(load: 1046) 
 Route 0(load: 148) 38 42 116 142 4 103 43 44 3 
 Route 1(load: 149) 5 20 59 14 127 84 17 39 30 91 
 Route 2(load: 150) 134 130 83 10 88 148 104 73 70 79 
 Route 3(load: 150) 25 19 145 146 26 99 50 54 138 
 Route 4(load: 150) 139 121 135 132 92 37 22 136 109 41 
 Route 5(load: 149) 23 40 110 78 123 118 48 117 69 
 Route 6(load: 150) 52 90 147 55 86 65 66 61 144 
The actual cost is 694525
