The objective is: 
876842
The running time is: 
11730.7
The time meeting best is: 
11697.7
Location: 10(load: 1623) 
 Route 0(load: 150) 87 232 382 123 6 340 245 377 281 275 
 Route 1(load: 149) 94 86 373 200 287 69 313 100 196 10 
 Route 2(load: 147) 283 140 147 114 98 89 263 11 351 317 
 Route 3(load: 142) 154 132 59 383 233 15 395 348 63 
 Route 4(load: 150) 277 318 18 320 257 36 302 108 42 
 Route 5(load: 147) 105 167 142 308 66 118 304 26 391 
 Route 6(load: 149) 29 295 77 371 78 219 122 57 355 307 
 Route 7(load: 149) 184 314 374 367 43 156 32 337 150 244 
 Route 8(load: 150) 214 44 97 326 375 45 331 153 157 227 
 Route 9(load: 144) 61 146 95 199 252 388 299 309 246 
 Route 10(load: 146) 175 344 346 207 85 102 298 366 128 341 
Location: 11(load: 1743) 
 Route 0(load: 149) 324 111 161 149 203 3 31 291 58 24 
 Route 1(load: 141) 285 321 328 323 297 4 183 138 189 
 Route 2(load: 146) 46 393 7 376 362 60 358 349 230 
 Route 3(load: 149) 133 342 379 25 12 101 55 23 228 76 
 Route 4(load: 150) 360 164 290 188 40 198 339 14 178 
 Route 5(load: 146) 365 250 180 41 197 131 143 191 35 20 
 Route 6(load: 150) 305 54 213 30 364 380 49 192 368 84 
 Route 7(load: 120) 293 241 294 53 225 288 350 
 Route 8(load: 144) 301 165 319 72 174 300 284 389 336 
 Route 9(load: 150) 234 172 397 256 187 90 124 171 116 
 Route 10(load: 149) 169 255 113 168 151 306 396 211 269 
 Route 11(load: 149) 343 278 127 162 303 193 332 296 271 215 
Location: 17(load: 1330) 
 Route 0(load: 145) 390 201 222 56 93 265 9 259 21 356 
 Route 1(load: 148) 236 125 221 166 387 224 103 27 17 92 
 Route 2(load: 148) 173 378 22 62 289 48 354 19 137 310 
 Route 3(load: 150) 381 51 110 115 217 274 139 392 28 311 
 Route 4(load: 143) 83 155 119 96 145 202 312 88 34 
 Route 5(load: 147) 208 363 81 242 286 70 152 37 104 
 Route 6(load: 150) 262 176 106 280 163 361 130 126 38 129 
 Route 7(load: 150) 394 65 107 68 264 330 109 260 385 322 
 Route 8(load: 149) 229 249 372 276 273 352 141 134 315 386 
Location: 18(load: 1477) 
 Route 0(load: 150) 0 338 243 370 135 144 220 206 251 182 
 Route 1(load: 146) 327 79 223 1 238 16 47 179 160 240 
 Route 2(load: 149) 261 181 325 75 2 399 158 170 91 
 Route 3(load: 147) 353 226 248 195 292 205 5 237 209 
 Route 4(load: 150) 8 282 266 268 334 270 247 216 335 218 
 Route 5(load: 142) 13 67 231 50 82 212 235 253 52 
 Route 6(load: 143) 316 204 33 177 64 210 117 148 345 
 Route 7(load: 150) 369 272 194 99 239 120 39 329 73 
 Route 8(load: 150) 384 71 398 258 159 121 112 80 136 74 
 Route 9(load: 150) 186 267 359 279 190 254 357 347 333 185 
The actual cost is 876842
