The objective is: 
867716
The running time is: 
7499.77
The time meeting best is: 
7338.17
Location: 2(load: 1468) 
 Route 0(load: 149) 104 68 33 92 365 113 398 227 292 383 
 Route 1(load: 148) 284 382 326 260 201 334 228 353 346 352 
 Route 2(load: 149) 244 386 378 232 267 206 313 300 235 338 
 Route 3(load: 146) 308 248 236 241 359 320 208 226 281 314 
 Route 4(load: 137) 354 366 384 302 296 371 215 279 306 
 Route 5(load: 150) 256 332 240 399 274 221 286 305 339 370 
 Route 6(load: 147) 222 381 357 272 295 288 245 322 266 
 Route 7(load: 150) 224 265 283 238 348 336 268 387 364 372 
 Route 8(load: 144) 243 380 278 230 273 269 344 394 291 
 Route 9(load: 148) 271 237 397 389 342 254 396 294 330 257 
Location: 7(load: 1721) 
 Route 0(load: 149) 204 200 335 379 325 249 285 345 309 275 
 Route 1(load: 121) 264 318 202 214 270 347 374 360 
 Route 2(load: 143) 246 310 385 242 220 253 331 234 321 
 Route 3(load: 149) 203 255 205 225 356 367 209 231 213 
 Route 4(load: 149) 376 210 207 363 358 262 263 287 258 
 Route 5(load: 130) 211 212 327 223 303 252 276 251 
 Route 6(load: 146) 216 317 280 282 337 349 229 315 395 
 Route 7(load: 150) 368 343 311 217 323 350 361 362 290 299 
 Route 8(load: 135) 218 319 391 340 329 250 312 393 
 Route 9(load: 150) 289 341 219 304 247 351 392 333 239 388 
 Route 10(load: 149) 233 261 377 369 293 355 259 297 375 
 Route 11(load: 150) 307 390 277 373 324 328 316 301 298 
Location: 15(load: 1250) 
 Route 0(load: 143) 5 79 199 0 182 44 59 168 129 
 Route 1(load: 143) 1 29 51 75 145 22 181 140 123 
 Route 2(load: 147) 64 39 186 128 18 187 169 195 2 
 Route 3(load: 150) 86 118 42 146 10 170 48 49 81 20 
 Route 4(load: 71) 24 115 47 11 99 
 Route 5(load: 147) 61 188 43 151 31 148 161 87 14 
 Route 6(load: 150) 54 21 38 34 125 192 58 143 139 28 
 Route 7(load: 150) 130 126 32 127 114 184 91 165 166 176 
 Route 8(load: 149) 95 103 76 83 142 179 136 74 62 135 
Location: 18(load: 1763) 
 Route 0(load: 147) 45 30 3 56 97 37 72 8 158 85 
 Route 1(load: 150) 65 197 120 60 57 138 159 4 90 174 
 Route 2(load: 143) 198 154 102 157 153 6 16 40 98 
 Route 3(load: 146) 110 13 19 133 194 63 121 7 171 
 Route 4(load: 148) 9 52 27 152 131 196 149 164 163 
 Route 5(load: 137) 193 82 94 173 132 35 100 155 12 
 Route 6(load: 149) 178 73 15 185 116 66 144 137 122 
 Route 7(load: 148) 160 180 88 17 172 107 46 109 25 69 53 
 Route 8(load: 150) 23 50 111 191 108 177 55 147 124 106 
 Route 9(load: 149) 162 119 93 190 101 134 41 26 141 
 Route 10(load: 148) 70 36 156 175 78 189 67 71 183 112 
 Route 11(load: 148) 117 77 150 89 84 96 167 80 105 
The actual cost is 867716
