The objective is: 
889193
The running time is: 
13783
The time meeting best is: 
13255.9
Location: 0(load: 1630) 
 Route 0(load: 150) 385 0 224 232 120 317 333 302 62 
 Route 1(load: 148) 40 268 11 315 364 9 288 147 393 158 
 Route 2(load: 150) 83 37 15 99 229 216 266 225 227 
 Route 3(load: 147) 20 354 162 329 110 135 181 153 228 
 Route 4(load: 149) 48 341 36 101 22 88 378 55 337 155 
 Route 5(load: 146) 84 32 214 116 57 219 352 313 332 75 161 
 Route 6(load: 150) 35 41 150 100 278 52 349 85 350 250 
 Route 7(load: 149) 356 340 202 152 331 53 197 91 74 183 
 Route 8(load: 143) 179 102 176 237 58 111 390 149 287 
 Route 9(load: 148) 314 133 399 61 239 305 170 285 191 139 
 Route 10(load: 150) 144 217 386 73 168 293 231 167 71 
Location: 6(load: 1627) 
 Route 0(load: 149) 50 175 172 18 351 92 2 215 319 205 
 Route 1(load: 150) 182 254 284 322 12 193 199 274 3 
 Route 2(load: 150) 13 186 277 347 21 93 391 169 296 
 Route 3(load: 149) 339 156 263 280 283 190 246 23 256 125 
 Route 4(load: 150) 121 276 178 118 112 123 24 70 375 359 
 Route 5(load: 150) 367 44 159 233 109 49 89 383 210 64 
 Route 6(load: 149) 69 234 171 47 253 87 369 235 143 
 Route 7(load: 147) 240 299 389 261 66 218 324 223 304 323 
 Route 8(load: 148) 154 270 124 366 258 187 194 330 114 267 
 Route 9(load: 146) 321 295 272 200 221 396 119 361 
 Route 10(load: 139) 336 355 308 309 380 377 243 281 306 
Location: 15(load: 1614) 
 Route 0(load: 145) 230 25 206 177 131 213 19 6 151 4 
 Route 1(load: 145) 244 303 98 353 262 334 129 282 360 5 
 Route 2(load: 148) 7 34 80 307 374 10 137 198 248 136 
 Route 3(load: 148) 65 357 60 196 140 251 325 108 8 379 
 Route 4(load: 148) 255 130 236 260 128 249 371 273 16 
 Route 5(load: 142) 204 164 368 38 241 115 17 165 226 63 
 Route 6(load: 150) 160 79 30 242 201 279 388 195 220 39 
 Route 7(load: 150) 146 312 207 166 395 42 145 68 188 
 Route 8(load: 147) 86 290 82 362 51 238 271 180 72 259 
 Route 9(load: 141) 104 56 203 376 286 289 81 209 264 
 Route 10(load: 150) 348 301 381 365 78 384 148 113 107 363 
Location: 24(load: 1310) 
 Route 0(load: 144) 342 54 344 97 373 257 265 94 1 
 Route 1(load: 147) 26 398 59 382 328 45 46 14 103 
 Route 2(load: 148) 27 338 252 345 275 247 326 106 335 
 Route 3(load: 149) 208 142 132 28 185 76 117 310 157 
 Route 4(load: 140) 343 320 316 127 300 138 134 29 174 
 Route 5(load: 149) 370 31 245 173 95 392 358 346 294 189 269 
 Route 6(load: 145) 126 141 291 90 33 297 327 397 211 
 Route 7(load: 149) 43 105 184 96 318 387 298 311 292 163 
 Route 8(load: 139) 67 212 394 372 77 122 192 222 
The actual cost is 889193
