The objective is: 
827077
The running time is: 
11960.7
The time meeting best is: 
11009.4
Location: 1(load: 1430) 
 Route 0(load: 150) 239 179 119 80 298 276 78 233 281 263 
 Route 1(load: 148) 262 379 395 220 218 391 201 318 354 
 Route 2(load: 149) 208 386 212 251 364 307 397 370 250 244 
 Route 3(load: 150) 381 236 217 257 240 235 285 264 309 
 Route 4(load: 149) 226 377 292 219 229 333 353 363 357 316 
 Route 5(load: 150) 302 328 270 222 293 232 375 398 
 Route 6(load: 144) 254 224 284 311 317 339 304 368 
 Route 7(load: 148) 245 326 362 296 305 374 228 291 322 286 
 Route 8(load: 141) 378 308 347 330 312 335 243 380 287 
 Route 9(load: 101) 384 295 366 390 351 248 
Location: 7(load: 1311) 
 Route 0(load: 149) 76 44 90 5 177 27 14 131 9 
 Route 1(load: 147) 6 24 39 124 132 184 75 72 136 
 Route 2(load: 148) 104 183 84 100 47 167 134 192 8 
 Route 3(load: 140) 159 10 169 151 33 70 173 107 122 
 Route 4(load: 150) 42 199 128 51 187 86 60 49 103 12 
 Route 5(load: 150) 133 139 15 399 29 340 79 194 46 114 
 Route 6(load: 148) 110 87 154 153 17 186 141 36 99 137 
 Route 7(load: 130) 197 26 147 146 193 115 93 142 
 Route 8(load: 149) 28 175 118 174 66 170 120 62 109 43 
Location: 9(load: 1754) 
 Route 0(load: 146) 68 73 140 180 91 149 181 67 82 0 
 Route 1(load: 137) 2 127 41 189 1 130 64 71 123 191 
 Route 2(load: 150) 57 121 34 156 101 145 3 176 143 88 
 Route 3(load: 148) 13 48 198 50 25 138 102 58 4 7 
 Route 4(load: 150) 113 182 22 117 157 11 111 171 53 
 Route 5(load: 149) 32 108 155 31 30 195 95 61 196 16 
 Route 6(load: 148) 18 135 83 105 77 160 89 190 164 81 
 Route 7(load: 147) 35 23 161 59 63 74 19 54 126 
 Route 8(load: 149) 168 172 148 116 56 112 106 20 37 
 Route 9(load: 142) 69 40 21 85 165 65 150 166 162 
 Route 10(load: 144) 188 94 97 38 52 55 129 163 45 
 Route 11(load: 144) 144 96 152 158 178 185 92 98 125 
Location: 15(load: 1752) 
 Route 0(load: 150) 237 269 342 392 387 200 204 319 280 344 
 Route 1(load: 149) 259 303 202 242 352 369 267 310 388 205 
 Route 2(load: 148) 255 338 349 277 334 355 203 323 283 279 
 Route 3(load: 150) 253 306 227 393 373 274 206 213 356 
 Route 4(load: 139) 396 331 207 231 265 348 247 246 252 313 
 Route 5(load: 147) 341 365 359 272 385 266 300 249 209 
 Route 6(load: 133) 290 215 325 238 210 260 367 275 301 
 Route 7(load: 146) 211 324 216 288 327 221 382 271 261 
 Route 8(load: 149) 320 371 278 299 214 268 337 389 350 343 
 Route 9(load: 150) 297 223 321 345 294 258 360 361 314 
 Route 10(load: 141) 241 282 394 256 358 234 383 315 225 
 Route 11(load: 150) 332 336 289 273 372 329 376 230 346 
The actual cost is 827077
