The objective is: 
861981
The running time is: 
9323.31
The time meeting best is: 
8524.59
Location: 0(load: 1616) 
 Route 0(load: 144) 24 41 14 70 130 69 2 29 26 
 Route 1(load: 142) 104 99 75 131 107 3 97 129 12 
 Route 2(load: 149) 15 73 122 5 92 103 11 111 94 
 Route 3(load: 150) 56 123 54 66 128 44 67 132 6 
 Route 4(load: 146) 112 78 114 55 117 7 96 45 126 65 
 Route 5(load: 148) 57 101 87 108 9 40 79 47 81 
 Route 6(load: 149) 20 35 82 27 28 91 98 16 36 76 109 
 Route 7(load: 144) 155 173 208 169 191 255 218 224 127 
 Route 8(load: 149) 167 133 140 214 234 233 151 168 160 153 
 Route 9(load: 150) 137 228 264 183 134 165 239 256 222 205 
 Route 10(load: 145) 176 263 213 202 178 161 143 252 248 
Location: 7(load: 1478) 
 Route 0(load: 148) 280 360 327 284 277 386 311 330 266 396 
 Route 1(load: 140) 278 347 276 299 291 332 314 267 341 
 Route 2(load: 150) 308 298 315 342 383 392 377 303 293 268 
 Route 3(load: 148) 292 269 364 320 297 393 294 281 275 323 
 Route 4(load: 150) 305 371 370 361 270 318 343 397 333 388 
 Route 5(load: 147) 336 385 394 273 375 312 316 352 335 
 Route 6(load: 149) 379 365 359 274 286 399 380 295 307 
 Route 7(load: 150) 322 326 395 300 390 363 344 367 325 279 
 Route 8(load: 150) 391 354 387 289 340 282 356 350 290 
 Route 9(load: 146) 285 374 369 348 398 355 376 296 373 
Location: 14(load: 1459) 
 Route 0(load: 147) 193 139 250 136 235 190 135 197 194 158 
 Route 1(load: 131) 237 254 232 147 229 138 241 216 
 Route 2(load: 147) 262 185 258 247 219 182 141 207 215 179 
 Route 3(load: 150) 240 198 174 251 145 144 265 206 157 142 
 Route 4(load: 149) 245 146 261 199 210 212 260 171 211 200 
 Route 5(load: 143) 227 196 152 148 149 204 231 181 236 186 
 Route 6(load: 150) 238 177 246 223 230 164 172 175 150 162 
 Route 7(load: 150) 154 221 242 257 253 244 166 249 189 184 
 Route 8(load: 149) 156 209 225 217 201 163 170 187 192 
 Route 9(load: 143) 159 226 259 243 220 203 195 188 180 
Location: 18(load: 1613) 
 Route 0(load: 147) 18 42 72 33 0 38 83 31 86 1 
 Route 1(load: 148) 49 115 61 50 90 4 25 125 84 
 Route 2(load: 139) 8 58 121 85 22 64 30 48 113 
 Route 3(load: 149) 100 60 23 32 10 119 59 116 105 34 
 Route 4(load: 148) 71 93 124 13 37 80 63 77 68 52 
 Route 5(load: 141) 74 51 17 120 102 88 21 89 39 
 Route 6(load: 148) 53 106 62 118 95 46 19 43 110 
 Route 7(load: 150) 306 338 351 358 357 271 309 319 382 328 
 Route 8(load: 148) 321 301 334 331 288 317 329 378 346 272 
 Route 9(load: 147) 302 283 368 389 339 313 287 366 345 
 Route 10(load: 148) 324 353 372 310 381 362 337 384 349 304 
The actual cost is 861981
