The objective is: 
847311
The running time is: 
10754.5
The time meeting best is: 
10437.1
Location: 2(load: 1474) 
 Route 0(load: 149) 133 178 150 235 260 234 229 173 206 251 
 Route 1(load: 146) 134 159 214 160 163 141 161 142 253 262 
 Route 2(load: 145) 135 215 398 341 291 194 165 158 167 
 Route 3(load: 149) 140 213 237 230 238 170 228 136 222 146 
 Route 4(load: 147) 139 264 219 263 193 176 191 181 190 
 Route 5(load: 149) 242 226 195 247 183 172 258 144 246 164 257 
 Route 6(load: 150) 147 185 168 148 204 177 199 259 166 
 Route 7(load: 146) 217 151 232 227 248 243 169 152 156 184 
 Route 8(load: 143) 154 255 245 179 174 212 209 196 210 
 Route 9(load: 150) 224 211 240 192 252 265 202 155 239 
Location: 3(load: 1447) 
 Route 0(load: 148) 0 10 23 52 47 37 109 110 84 
 Route 1(load: 149) 22 2 16 132 82 5 46 127 63 
 Route 2(load: 148) 92 128 101 94 3 59 78 121 39 77 
 Route 3(load: 150) 60 6 66 61 93 35 15 107 72 65 
 Route 4(load: 150) 29 25 20 89 114 7 45 57 96 
 Route 5(load: 145) 62 44 58 85 74 13 31 48 9 75 
 Route 6(load: 121) 80 27 24 73 83 34 19 71 
 Route 7(load: 145) 97 21 116 99 104 115 55 56 125 
 Route 8(load: 146) 106 50 90 131 91 69 49 36 28 100 
 Route 9(load: 145) 87 124 111 51 54 122 120 103 95 
Location: 15(load: 1484) 
 Route 0(load: 147) 268 266 345 387 352 372 364 376 274 
 Route 1(load: 150) 321 310 309 287 367 329 284 267 379 
 Route 2(load: 146) 354 378 269 277 273 349 278 282 
 Route 3(load: 149) 373 320 388 337 305 381 393 279 276 385 
 Route 4(load: 148) 328 281 363 399 327 314 362 311 347 330 
 Route 5(load: 150) 333 359 380 308 375 374 334 307 285 303 348 
 Route 6(load: 148) 390 292 298 346 313 297 290 296 394 
 Route 7(load: 147) 371 343 397 332 325 293 294 361 316 
 Route 8(load: 150) 392 306 342 366 338 304 300 339 386 331 
 Route 9(load: 149) 315 353 370 396 301 389 344 351 350 319 
Location: 18(load: 1782) 
 Route 0(load: 150) 113 30 40 4 123 79 43 1 118 117 41 
 Route 1(load: 147) 249 153 250 261 143 244 8 200 38 189 223 
 Route 2(load: 149) 186 119 64 17 11 88 26 130 108 
 Route 3(load: 147) 18 32 14 12 67 129 98 68 76 126 
 Route 4(load: 150) 86 105 70 112 102 33 42 53 81 
 Route 5(load: 143) 175 187 205 149 188 216 137 197 162 
 Route 6(load: 149) 203 254 225 207 256 218 201 208 138 
 Route 7(load: 149) 180 198 241 157 220 145 182 231 221 233 
 Route 8(load: 150) 236 272 360 358 395 283 289 171 365 
 Route 9(load: 150) 326 324 336 335 295 275 270 323 312 299 
 Route 10(load: 150) 377 317 382 356 286 271 322 384 391 
 Route 11(load: 148) 355 318 340 288 357 280 368 369 302 383 
The actual cost is 847311
