The objective is: 
841464
The running time is: 
11878.1
The time meeting best is: 
10944.4
Location: 3(load: 1450) 
 Route 0(load: 144) 39 19 76 27 59 95 2 21 49 
 Route 1(load: 148) 51 64 10 61 53 8 93 71 67 55 
 Route 2(load: 141) 20 44 26 32 46 15 75 52 79 
 Route 3(load: 148) 275 281 262 34 268 244 247 287 235 286 
 Route 4(load: 143) 50 238 241 260 206 229 201 267 253 
 Route 5(load: 142) 239 269 249 255 250 290 202 274 276 
 Route 6(load: 142) 279 214 261 254 299 213 220 204 283 
 Route 7(load: 150) 271 246 205 219 222 207 231 257 292 288 258 
 Route 8(load: 142) 296 270 215 224 234 264 248 210 289 
 Route 9(load: 150) 272 294 298 285 251 293 295 228 212 252 245 
Location: 10(load: 1783) 
 Route 0(load: 145) 161 195 171 114 0 74 196 167 191 120 
 Route 1(load: 150) 17 77 168 152 63 60 89 87 13 31 
 Route 2(load: 146) 139 174 147 115 118 57 56 14 23 98 
 Route 3(load: 150) 105 107 112 190 183 90 123 148 37 
 Route 4(load: 150) 130 194 165 155 159 189 197 48 137 143 
 Route 5(load: 150) 62 172 124 136 187 142 119 133 144 
 Route 6(load: 150) 135 158 73 182 104 113 128 145 111 178 
 Route 7(load: 150) 140 149 154 185 173 188 138 181 170 96 
 Route 8(load: 148) 163 127 116 117 186 166 192 132 100 
 Route 9(load: 148) 180 125 121 126 101 175 106 146 184 
 Route 10(load: 149) 102 169 179 150 193 199 141 164 
 Route 11(load: 147) 151 198 109 134 153 129 160 110 156 
Location: 11(load: 1621) 
 Route 0(load: 150) 237 256 91 1 84 353 300 364 327 33 
 Route 1(load: 131) 94 66 25 11 36 65 40 3 
 Route 2(load: 149) 58 12 318 397 377 332 354 4 41 
 Route 3(load: 150) 348 309 43 355 307 388 16 360 346 
 Route 4(load: 146) 24 266 242 277 211 223 217 230 243 
 Route 5(load: 147) 85 221 233 273 297 216 265 35 226 200 
 Route 6(load: 149) 240 236 82 227 278 291 38 209 203 
 Route 7(load: 149) 42 86 122 177 108 176 157 162 131 103 
 Route 8(load: 150) 389 390 83 331 301 317 361 386 336 308 
 Route 9(load: 150) 319 363 372 385 387 382 99 392 328 350 
 Route 10(load: 150) 225 218 280 259 263 284 282 232 208 
Location: 12(load: 1333) 
 Route 0(load: 145) 68 5 78 70 54 92 80 6 47 97 
 Route 1(load: 148) 88 313 335 315 391 357 341 72 81 7 
 Route 2(load: 150) 9 45 343 351 398 306 374 395 324 323 
 Route 3(load: 148) 396 347 22 69 379 378 18 329 312 
 Route 4(load: 150) 342 381 356 384 344 369 337 305 368 330 
 Route 5(load: 150) 352 314 340 333 373 366 380 371 310 302 
 Route 6(load: 149) 370 358 321 325 394 349 359 362 30 
 Route 7(load: 143) 376 339 311 338 303 399 367 345 326 322 
 Route 8(load: 150) 393 316 383 320 334 304 375 365 29 28 
The actual cost is 841464
