The objective is: 
801135
The running time is: 
13746.1
The time meeting best is: 
12883.1
Location: 1(load: 1625) 
 Route 0(load: 148) 301 318 392 346 399 377 357 380 1 
 Route 1(load: 146) 76 21 10 91 93 19 32 92 2 
 Route 2(load: 150) 322 397 6 374 74 308 395 382 388 371 
 Route 3(load: 139) 358 315 9 321 366 350 385 351 
 Route 4(load: 149) 48 83 70 55 24 35 49 37 96 345 
 Route 5(load: 149) 88 82 393 29 338 341 312 324 383 
 Route 6(load: 147) 384 372 391 344 319 342 80 313 53 
 Route 7(load: 149) 373 320 72 339 347 354 396 310 317 307 
 Route 8(load: 149) 381 390 336 334 305 303 353 394 306 332 
 Route 9(load: 150) 330 376 348 304 389 329 356 331 365 386 
 Route 10(load: 149) 340 370 314 360 316 343 327 363 378 364 
Location: 13(load: 1727) 
 Route 0(load: 149) 99 84 87 16 71 42 18 0 95 
 Route 1(load: 148) 77 54 86 11 34 13 25 14 28 27 
 Route 2(load: 143) 264 220 20 58 75 261 294 216 201 
 Route 3(load: 141) 210 275 292 215 22 41 279 222 276 
 Route 4(load: 148) 240 38 26 31 309 362 335 355 44 
 Route 5(load: 141) 274 266 217 236 281 79 262 213 206 
 Route 6(load: 122) 253 85 223 283 269 231 247 
 Route 7(load: 148) 288 256 265 242 277 98 246 271 214 
 Route 8(load: 144) 208 228 293 202 230 287 299 227 260 
 Route 9(load: 149) 205 207 295 221 212 249 204 267 233 232 
 Route 10(load: 150) 270 211 273 245 244 239 268 238 243 272 
 Route 11(load: 144) 226 290 291 225 234 263 235 257 218 
Location: 18(load: 1269) 
 Route 0(load: 130) 110 156 23 59 4 67 69 45 7 
 Route 1(load: 146) 8 65 30 50 57 46 161 195 142 12 
 Route 2(load: 144) 193 118 113 183 133 100 132 52 194 
 Route 3(load: 149) 184 169 130 162 141 101 105 166 107 104 
 Route 4(load: 109) 147 164 103 144 129 106 116 
 Route 5(load: 148) 109 134 198 199 111 146 180 140 165 189 
 Route 6(load: 150) 153 173 197 150 114 176 154 187 182 
 Route 7(load: 150) 117 145 177 151 152 160 171 191 115 122 
 Route 8(load: 143) 127 137 155 158 143 188 159 131 192 
Location: 19(load: 1579) 
 Route 0(load: 127) 3 258 282 254 297 251 278 200 248 
 Route 1(load: 150) 94 56 36 62 5 66 33 78 64 81 
 Route 2(load: 150) 15 61 181 175 148 168 121 196 149 157 
 Route 3(load: 146) 40 326 325 323 17 311 359 369 387 
 Route 4(load: 138) 39 68 102 108 119 138 125 120 123 
 Route 5(load: 150) 224 209 203 284 280 252 237 43 289 51 285 
 Route 6(load: 147) 73 47 89 302 333 398 349 300 90 
 Route 7(load: 150) 367 379 60 352 375 368 328 361 63 337 
 Route 8(load: 129) 139 163 185 135 186 174 178 97 
 Route 9(load: 144) 167 136 170 128 124 126 190 112 172 179 
 Route 10(load: 148) 286 229 298 219 296 250 241 255 259 
The actual cost is 801135
