The objective is: 
1.2594e+06
The running time is: 
18130.3
The time meeting best is: 
15931.5
Location: 1(load: 1748) 
 Route 0(load: 148) 143 233 188 126 4 16 191 146 136 152 162 
 Route 1(load: 149) 40 166 179 55 9 180 232 149 5 
 Route 2(load: 138) 220 13 119 27 48 71 115 111 241 
 Route 3(load: 144) 51 19 42 28 203 156 157 183 168 147 
 Route 4(load: 145) 144 171 29 139 198 109 218 163 192 
 Route 5(load: 148) 234 61 60 77 82 74 112 84 113 
 Route 6(load: 147) 66 142 199 184 195 193 248 185 206 210 
 Route 7(load: 142) 160 243 73 172 246 158 249 207 161 
 Route 8(load: 140) 165 212 214 130 227 200 133 240 186 
 Route 9(load: 149) 174 189 132 211 235 238 148 237 154 190 
 Route 10(load: 149) 138 137 216 245 176 215 223 204 135 153 
 Route 11(load: 149) 247 242 219 222 170 169 236 231 181 150 
Location: 10(load: 2176) 
 Route 0(load: 146) 182 177 201 20 196 141 225 159 175 
 Route 1(load: 147) 208 129 226 213 209 94 104 56 21 
 Route 2(load: 148) 268 259 75 24 367 371 323 359 307 
 Route 3(load: 112) 92 62 86 110 31 85 37 
 Route 4(load: 148) 244 134 239 59 131 145 127 202 187 178 
 Route 5(load: 149) 477 468 452 443 64 493 454 440 405 476 
 Route 6(load: 147) 229 224 217 167 164 194 205 221 83 
 Route 7(load: 149) 482 486 407 401 483 428 430 445 88 
 Route 8(load: 150) 122 230 125 173 197 228 151 128 140 155 
 Route 9(load: 149) 282 333 370 272 365 361 351 291 287 252 
 Route 10(load: 147) 262 256 335 284 373 331 297 354 296 326 
 Route 11(load: 149) 342 257 322 358 304 298 366 312 341 
 Route 12(load: 149) 362 303 275 345 315 267 273 260 318 
 Route 13(load: 140) 324 271 309 280 302 374 300 288 349 
 Route 14(load: 146) 496 489 479 377 471 481 495 410 413 
Location: 15(load: 2174) 
 Route 0(load: 149) 50 54 96 118 114 67 0 47 17 36 
 Route 1(load: 149) 30 41 78 1 10 93 18 100 45 63 
 Route 2(load: 149) 65 34 2 53 121 95 15 43 12 116 
 Route 3(load: 150) 433 398 498 439 422 474 453 3 437 485 
 Route 4(load: 147) 449 448 450 414 385 412 438 23 394 
 Route 5(load: 146) 46 57 33 90 381 76 475 417 103 463 
 Route 6(load: 106) 378 460 431 386 389 421 80 
 Route 7(load: 143) 392 473 397 406 390 487 403 484 87 
 Route 8(load: 148) 435 408 107 478 459 411 434 420 461 
 Route 9(load: 150) 465 395 380 418 391 480 383 396 124 441 
 Route 10(load: 148) 491 375 423 424 451 404 490 455 470 456 
 Route 11(load: 150) 457 376 419 499 426 469 436 384 382 399 
 Route 12(load: 144) 492 427 379 467 388 409 462 442 464 
 Route 13(load: 147) 402 416 494 444 458 393 387 429 400 
 Route 14(load: 148) 472 447 446 425 432 497 466 488 415 
Location: 18(load: 1616) 
 Route 0(load: 142) 70 35 98 39 81 72 97 8 69 6 
 Route 1(load: 149) 357 295 278 91 363 306 99 7 108 105 
 Route 2(load: 149) 123 101 22 106 89 38 11 79 25 
 Route 3(load: 140) 44 102 58 49 52 14 68 32 26 
 Route 4(load: 150) 264 330 348 263 314 353 281 334 305 283 117 
 Route 5(load: 149) 311 337 293 253 261 350 360 120 320 254 
 Route 6(load: 147) 327 250 313 364 319 292 285 290 299 289 
 Route 7(load: 149) 346 369 251 368 274 336 328 308 332 
 Route 8(load: 149) 310 316 270 356 339 276 340 343 255 
 Route 9(load: 149) 266 301 294 352 265 355 258 347 286 277 
 Route 10(load: 143) 338 279 269 325 329 317 344 372 321 
The actual cost is 1.2594e+06
