The objective is: 
1.25027e+06
The running time is: 
11100.7
The time meeting best is: 
10453.3
Location: 4(load: 1821) 
 Route 0(load: 150) 333 359 306 252 467 419 395 425 258 311 
 Route 1(load: 146) 381 434 317 259 274 316 255 422 289 
 Route 2(load: 149) 270 358 485 498 493 260 407 299 350 421 
 Route 3(load: 149) 367 283 415 305 370 261 344 391 460 298 
 Route 4(load: 148) 263 368 402 357 404 477 309 375 474 
 Route 5(load: 150) 432 386 271 491 492 444 413 471 314 319 
 Route 6(load: 149) 385 322 365 436 346 497 272 366 278 
 Route 7(load: 150) 484 276 313 394 423 469 472 387 332 
 Route 8(load: 34) 279 439 
 Route 9(load: 147) 295 281 382 337 495 406 397 480 331 412 
 Route 10(load: 149) 327 454 428 466 481 307 499 483 343 291 
 Route 11(load: 150) 326 409 329 304 345 462 482 293 388 312 
 Route 12(load: 150) 300 362 324 330 373 389 383 441 347 487 
Location: 11(load: 2147) 
 Route 0(load: 146) 128 90 36 129 166 162 213 1 227 226 
 Route 1(load: 145) 5 7 3 117 33 137 185 73 18 
 Route 2(load: 118) 244 176 58 101 214 4 50 158 
 Route 3(load: 150) 169 6 57 37 25 85 21 125 93 29 
 Route 4(load: 119) 133 192 217 84 131 202 53 8 
 Route 5(load: 147) 28 224 220 39 146 10 74 31 65 
 Route 6(load: 149) 44 197 94 341 380 198 245 204 66 19 
 Route 7(load: 141) 249 22 200 149 139 155 41 177 241 
 Route 8(load: 149) 201 199 172 159 188 186 92 136 30 161 
 Route 9(load: 145) 38 104 115 243 203 98 43 99 215 
 Route 10(load: 147) 154 118 62 40 138 222 193 179 42 47 
 Route 11(load: 149) 75 219 91 208 110 60 112 165 114 150 55 
 Route 12(load: 150) 238 82 189 81 212 163 61 102 180 
 Route 13(load: 142) 221 175 242 83 171 239 126 174 240 
 Route 14(load: 150) 141 262 218 449 400 496 420 254 464 
Location: 13(load: 1870) 
 Route 0(load: 145) 339 448 250 318 364 457 288 268 325 
 Route 1(load: 146) 269 361 431 284 251 302 292 297 438 
 Route 2(load: 142) 253 417 303 338 461 427 494 384 310 328 
 Route 3(load: 145) 353 340 348 321 475 371 426 256 374 489 
 Route 4(load: 147) 294 308 354 410 478 257 405 323 411 266 
 Route 5(load: 148) 442 267 379 399 355 264 301 450 455 408 
 Route 6(load: 140) 463 265 273 443 473 378 320 349 296 
 Route 7(load: 143) 456 445 277 275 351 440 286 416 369 
 Route 8(load: 147) 280 352 446 488 377 376 447 336 403 
 Route 9(load: 138) 414 285 418 435 334 282 287 458 
 Route 10(load: 149) 335 393 453 490 290 465 363 424 390 476 468 401 
 Route 11(load: 146) 392 372 452 437 451 315 342 396 470 433 
 Route 12(load: 134) 360 398 429 486 479 430 356 459 
Location: 20(load: 1897) 
 Route 0(load: 148) 78 132 157 2 72 9 68 232 0 152 
 Route 1(load: 145) 196 170 140 51 11 148 89 173 77 
 Route 2(load: 144) 13 183 121 97 142 119 182 187 80 
 Route 3(load: 146) 206 63 130 14 231 107 23 230 216 
 Route 4(load: 144) 191 109 235 124 70 164 16 236 167 
 Route 5(load: 148) 160 233 87 143 95 248 144 17 111 
 Route 6(load: 148) 34 20 178 156 195 151 234 49 35 
 Route 7(load: 144) 113 79 69 24 100 105 211 207 194 
 Route 8(load: 150) 67 56 246 88 45 184 26 134 71 
 Route 9(load: 150) 27 205 223 59 153 52 135 46 237 
 Route 10(load: 150) 181 116 32 147 54 168 103 229 145 
 Route 11(load: 139) 48 86 209 123 15 228 210 12 76 
 Route 12(load: 141) 120 108 127 247 96 190 64 122 225 106 
The actual cost is 1.25027e+06
