The objective is: 
1.30282e+06
The running time is: 
15810.8
The time meeting best is: 
15806.4
Location: 2(load: 2128) 
 Route 0(load: 149) 30 20 83 93 104 88 78 47 2 57 
 Route 1(load: 144) 197 110 310 4 96 28 187 288 204 
 Route 2(load: 144) 95 113 18 21 118 67 127 63 11 144 
 Route 3(load: 140) 65 36 68 126 100 102 135 27 61 
 Route 4(load: 150) 112 59 129 86 74 40 39 31 157 
 Route 5(load: 146) 180 181 166 198 273 292 243 269 170 
 Route 6(load: 148) 296 322 261 225 234 251 167 239 221 223 
 Route 7(load: 150) 290 168 274 214 316 192 254 244 256 228 
 Route 8(load: 149) 169 205 266 196 291 253 314 188 298 233 
 Route 9(load: 146) 317 186 176 277 210 189 175 323 232 
 Route 10(load: 147) 220 216 178 199 331 215 299 193 283 248 
 Route 11(load: 149) 260 309 284 321 227 195 304 229 287 
 Route 12(load: 149) 222 303 264 262 208 279 278 305 200 242 237 
 Route 13(load: 149) 326 212 207 241 297 318 285 206 245 315 
 Route 14(load: 68) 238 286 325 236 
Location: 7(load: 1683) 
 Route 0(load: 150) 161 136 0 125 79 3 106 41 132 
 Route 1(load: 150) 1 12 70 46 69 94 131 60 16 
 Route 2(load: 101) 120 43 87 84 134 5 81 
 Route 3(load: 149) 101 58 38 6 91 158 48 75 124 159 
 Route 4(load: 143) 73 109 53 49 50 22 55 153 7 
 Route 5(load: 149) 138 8 121 33 92 142 19 9 35 
 Route 6(load: 124) 154 164 72 155 10 145 44 
 Route 7(load: 138) 29 98 85 51 111 37 14 99 128 
 Route 8(load: 150) 15 107 66 160 54 141 152 42 137 
 Route 9(load: 147) 108 80 45 117 17 23 105 25 82 
 Route 10(load: 142) 140 123 165 119 150 26 116 115 77 
 Route 11(load: 140) 71 103 114 76 151 163 56 148 133 
Location: 10(load: 2217) 
 Route 0(load: 149) 52 162 90 146 97 13 149 122 130 147 
 Route 1(load: 147) 34 62 89 32 156 64 139 143 24 
 Route 2(load: 147) 357 332 423 345 445 382 399 495 429 
 Route 3(load: 150) 395 333 497 479 427 415 384 472 491 
 Route 4(load: 149) 362 391 334 340 448 440 339 337 397 383 418 
 Route 5(load: 150) 443 388 366 335 473 336 365 431 474 
 Route 6(load: 145) 453 341 386 374 498 354 485 402 375 
 Route 7(load: 148) 426 494 490 342 346 455 468 477 475 487 
 Route 8(load: 146) 438 387 343 371 412 471 466 389 442 
 Route 9(load: 147) 459 360 432 381 349 416 347 436 351 
 Route 10(load: 150) 439 350 370 356 441 414 499 467 385 400 
 Route 11(load: 148) 486 352 458 404 417 368 372 465 489 419 
 Route 12(load: 148) 410 406 454 460 462 464 446 364 393 
 Route 13(load: 145) 456 422 394 457 483 478 461 496 376 
 Route 14(load: 148) 430 421 484 476 435 403 413 407 470 379 396 
Location: 18(load: 1758) 
 Route 0(load: 137) 173 289 171 434 211 469 373 378 363 392 
 Route 1(load: 142) 327 259 247 330 218 302 172 319 231 
 Route 2(load: 149) 174 328 235 230 263 270 281 320 182 209 
 Route 3(load: 149) 329 255 293 179 177 250 217 280 313 
 Route 4(load: 144) 183 275 312 308 271 252 267 194 301 
 Route 5(load: 149) 184 190 272 294 257 311 268 306 224 
 Route 6(load: 145) 240 203 219 201 213 202 265 300 185 
 Route 7(load: 150) 246 282 191 226 307 249 324 276 258 295 
 Route 8(load: 147) 338 449 444 451 401 344 437 408 359 367 
 Route 9(load: 148) 409 488 411 390 348 358 433 492 493 420 
 Route 10(load: 149) 424 481 361 405 482 380 355 353 452 
 Route 11(load: 149) 369 377 428 450 480 398 463 447 425 
The actual cost is 1.30282e+06
