The objective is: 
1.3278e+06
The running time is: 
17359.3
The time meeting best is: 
17345.6
Location: 0(load: 2052) 
 Route 0(load: 148) 402 298 271 197 39 0 90 208 495 
 Route 1(load: 150) 183 413 369 475 458 109 18 111 1 104 274 
 Route 2(load: 150) 329 490 158 223 72 256 3 404 363 301 
 Route 3(load: 148) 373 4 281 187 469 323 12 312 168 
 Route 4(load: 150) 105 338 5 397 159 44 391 15 179 161 
 Route 5(load: 144) 360 433 139 265 23 81 499 219 366 303 
 Route 6(load: 146) 218 32 304 444 166 319 314 46 28 144 
 Route 7(load: 144) 492 31 86 202 282 69 100 438 114 
 Route 8(load: 140) 165 357 419 145 196 53 287 284 485 192 
 Route 9(load: 139) 267 101 273 394 486 290 345 182 54 
 Route 10(load: 148) 328 66 241 173 228 381 129 181 435 361 
 Route 11(load: 148) 342 113 250 349 375 466 204 305 352 80 
 Route 12(load: 149) 253 470 393 185 313 258 131 389 464 146 
 Route 13(load: 148) 446 251 451 295 244 190 411 184 222 
Location: 8(load: 1778) 
 Route 0(load: 149) 118 379 2 200 272 205 480 453 7 188 171 
 Route 1(load: 150) 425 10 321 482 88 212 431 126 491 
 Route 2(load: 145) 17 448 21 232 430 365 288 401 330 
 Route 3(load: 149) 20 77 227 275 194 156 191 175 189 
 Route 4(load: 139) 339 74 474 353 22 364 465 50 418 
 Route 5(load: 150) 115 476 106 239 36 92 263 332 442 450 
 Route 6(load: 150) 226 454 292 496 224 48 172 225 83 43 
 Route 7(load: 149) 178 283 331 452 152 243 45 169 395 
 Route 8(load: 150) 346 405 477 327 51 262 279 350 412 164 
 Route 9(load: 150) 236 247 370 63 235 127 294 382 497 383 
 Route 10(load: 149) 481 135 354 70 95 84 372 140 300 
 Route 11(load: 148) 322 408 242 245 320 473 121 337 463 
Location: 11(load: 2180) 
 Route 0(load: 148) 96 6 254 335 432 163 396 125 348 455 278 128 
 Route 1(load: 147) 148 240 162 71 102 8 112 468 246 
 Route 2(load: 149) 234 376 417 460 9 62 55 99 461 160 
 Route 3(load: 146) 25 285 343 336 11 98 420 489 423 
 Route 4(load: 149) 42 478 231 462 195 117 237 37 13 358 
 Route 5(load: 148) 406 103 151 14 426 494 302 29 260 85 
 Route 6(load: 145) 347 130 318 457 16 49 57 216 443 
 Route 7(load: 147) 30 214 143 355 325 270 24 133 170 
 Route 8(load: 150) 33 124 399 177 436 286 378 257 410 82 
 Route 9(load: 147) 441 315 220 136 38 75 437 380 134 307 
 Route 10(load: 135) 108 390 340 210 351 41 180 211 487 
 Route 11(load: 148) 277 377 392 296 167 56 276 407 119 52 
 Route 12(load: 141) 344 483 414 467 68 385 150 107 447 
 Route 13(load: 132) 268 110 362 388 249 356 147 76 
 Route 14(load: 148) 384 429 449 149 186 261 472 141 132 91 
Location: 21(load: 1624) 
 Route 0(load: 148) 153 398 416 439 19 427 79 230 198 34 
 Route 1(load: 150) 73 424 248 403 428 26 238 155 415 459 
 Route 2(load: 148) 297 215 27 387 280 35 306 201 269 
 Route 3(load: 150) 498 40 471 255 58 93 207 484 122 47 
 Route 4(load: 144) 116 309 359 324 213 64 59 334 
 Route 5(load: 150) 326 266 174 333 259 374 229 60 316 138 
 Route 6(load: 146) 61 289 488 123 434 421 137 400 199 
 Route 7(load: 149) 78 264 89 311 293 252 233 65 217 386 
 Route 8(load: 150) 409 422 308 317 440 154 67 310 176 291 368 
 Route 9(load: 149) 367 157 371 87 221 456 493 299 203 445 
 Route 10(load: 140) 341 206 193 120 142 97 209 479 94 
The actual cost is 1.3278e+06
