The objective is: 
1.41787e+06
The running time is: 
15000.4
The time meeting best is: 
14183
Location: 0(load: 1397) 
 Route 0(load: 142) 3 54 84 162 78 25 0 147 73 83 
 Route 1(load: 149) 92 1 72 113 144 39 26 133 59 24 
 Route 2(load: 150) 4 150 61 97 55 148 111 12 106 131 
 Route 3(load: 150) 122 103 5 34 160 142 16 96 104 151 
 Route 4(load: 94) 161 6 60 79 14 8 109 
 Route 5(load: 150) 52 21 126 159 7 139 27 108 67 143 
 Route 6(load: 149) 33 129 135 15 146 10 45 46 98 
 Route 7(load: 149) 30 82 145 19 69 53 71 80 134 48 
 Route 8(load: 121) 41 157 44 35 121 63 50 94 
 Route 9(load: 143) 91 77 115 165 85 154 43 102 100 
Location: 3(load: 1530) 
 Route 0(load: 147) 489 496 351 363 332 455 493 434 352 366 
 Route 1(load: 125) 471 361 416 435 343 334 474 356 
 Route 2(load: 128) 441 480 406 336 344 451 418 335 367 
 Route 3(load: 144) 390 368 358 461 381 338 485 382 383 353 
 Route 4(load: 150) 400 445 340 346 419 433 404 359 412 491 
 Route 5(load: 148) 470 472 424 342 448 482 370 405 442 431 
 Route 6(load: 145) 413 450 457 428 492 345 426 464 375 
 Route 7(load: 145) 349 439 444 443 391 487 395 380 481 463 
 Route 8(load: 148) 421 394 459 438 484 397 488 402 357 
 Route 9(load: 148) 437 410 389 477 460 497 360 385 396 
 Route 10(load: 102) 387 499 467 415 430 453 
Location: 6(load: 1701) 
 Route 0(load: 146) 293 193 319 270 175 169 171 268 215 
 Route 1(load: 144) 174 183 236 192 180 229 190 316 241 240 
 Route 2(load: 149) 223 179 214 208 317 177 321 313 296 289 
 Route 3(load: 147) 205 202 254 207 224 181 206 210 197 
 Route 4(load: 144) 182 322 303 226 227 242 228 312 222 
 Route 5(load: 133) 220 194 307 216 329 225 204 246 189 
 Route 6(load: 150) 275 291 196 252 295 231 265 280 278 195 
 Route 7(load: 147) 238 266 299 198 257 323 325 259 298 199 
 Route 8(load: 146) 331 269 301 249 200 244 304 256 
 Route 9(load: 142) 230 213 272 309 234 279 310 255 248 
 Route 10(load: 148) 261 217 247 282 292 258 219 320 308 253 
 Route 11(load: 105) 273 330 283 243 233 286 
Location: 8(load: 1603) 
 Route 0(load: 150) 99 42 64 29 2 88 137 37 86 
 Route 1(load: 150) 57 62 156 81 127 141 155 9 132 
 Route 2(load: 133) 128 152 11 58 75 119 116 164 125 
 Route 3(load: 147) 70 76 22 23 110 112 140 47 32 13 
 Route 4(load: 137) 130 107 20 95 17 118 28 18 
 Route 5(load: 144) 101 123 105 56 36 31 40 158 89 149 
 Route 6(load: 149) 66 74 87 136 49 90 38 93 117 
 Route 7(load: 146) 163 153 138 114 297 209 68 120 124 51 
 Route 8(load: 150) 166 318 235 203 212 237 250 285 284 65 
 Route 9(load: 149) 170 260 172 306 314 201 191 211 302 305 
 Route 10(load: 148) 184 290 251 324 300 173 294 245 263 
Location: 9(load: 1489) 
 Route 0(load: 145) 167 328 281 267 311 476 483 384 423 
 Route 1(load: 150) 178 264 276 327 239 186 168 188 326 
 Route 2(load: 149) 176 221 218 422 490 362 462 379 339 386 
 Route 3(load: 150) 274 262 315 187 287 277 185 271 232 288 
 Route 4(load: 148) 401 432 333 372 468 398 473 392 341 
 Route 5(load: 147) 414 337 425 378 369 465 354 498 365 
 Route 6(load: 150) 495 420 440 403 347 456 452 466 446 411 
 Route 7(load: 150) 427 364 475 458 407 388 374 447 348 494 
 Route 8(load: 150) 409 373 399 350 393 436 454 429 449 408 
 Route 9(load: 150) 486 417 478 479 469 371 355 376 377 
The actual cost is 1.41787e+06
