The objective is: 
1.45214e+06
The running time is: 
14708.4
The time meeting best is: 
13279.5
Location: 0(load: 1670) 
 Route 0(load: 149) 109 101 110 54 157 0 174 70 71 
 Route 1(load: 150) 149 166 164 135 6 51 148 85 114 153 
 Route 2(load: 147) 58 102 8 154 59 185 22 146 106 
 Route 3(load: 149) 10 220 219 16 225 9 247 99 140 177 
 Route 4(load: 82) 111 138 12 128 134 
 Route 5(load: 148) 104 18 167 207 33 223 137 150 124 120 
 Route 6(load: 150) 126 36 83 115 21 20 31 152 41 171 
 Route 7(load: 148) 29 90 53 79 93 242 25 46 77 172 
 Route 8(load: 130) 34 240 123 162 129 42 82 75 
 Route 9(load: 134) 176 212 143 35 147 87 209 210 243 
 Route 10(load: 145) 195 130 158 196 133 117 84 37 151 201 
 Route 11(load: 138) 139 86 213 89 45 72 60 122 170 76 
Location: 6(load: 1472) 
 Route 0(load: 149) 108 216 248 11 239 17 4 92 244 169 
 Route 1(load: 149) 205 249 56 55 13 227 191 65 190 245 
 Route 2(load: 149) 237 14 246 175 49 96 50 136 30 236 
 Route 3(load: 148) 44 161 203 28 178 184 23 168 19 232 
 Route 4(load: 148) 43 218 199 202 186 40 231 32 229 
 Route 5(load: 134) 233 221 194 57 38 198 100 63 193 
 Route 6(load: 148) 208 95 74 67 116 173 156 204 142 
 Route 7(load: 149) 113 68 132 197 228 105 226 119 192 214 
 Route 8(load: 149) 429 465 435 470 491 450 215 241 234 
 Route 9(load: 149) 368 439 372 403 434 337 455 322 389 315 
Location: 13(load: 1612) 
 Route 0(load: 143) 251 458 260 448 472 326 362 493 392 
 Route 1(load: 150) 397 486 451 252 442 287 298 290 441 295 
 Route 2(load: 149) 482 440 474 426 296 398 253 317 438 
 Route 3(load: 148) 341 321 367 329 422 255 383 292 462 391 
 Route 4(load: 149) 258 437 480 293 353 443 413 289 360 461 
 Route 5(load: 146) 278 265 271 358 390 460 311 291 421 332 
 Route 6(load: 145) 288 314 328 282 342 355 408 424 334 
 Route 7(load: 149) 473 343 432 420 369 488 411 323 285 414 
 Route 8(load: 143) 444 301 404 478 484 340 481 302 490 
 Route 9(load: 142) 339 336 366 385 415 365 387 373 303 
 Route 10(load: 148) 349 346 395 308 376 330 419 327 386 305 
Location: 23(load: 1538) 
 Route 0(load: 140) 275 284 277 399 359 250 489 430 436 
 Route 1(load: 147) 496 464 374 283 272 331 476 254 487 
 Route 2(load: 148) 406 375 351 316 259 256 405 313 388 
 Route 3(load: 142) 257 380 304 469 463 453 276 269 
 Route 4(load: 150) 306 335 262 454 320 281 394 456 318 348 
 Route 5(load: 150) 270 263 466 379 485 273 267 378 499 492 
 Route 6(load: 149) 310 459 477 356 274 396 266 309 447 
 Route 7(load: 149) 294 401 371 297 410 402 268 400 280 
 Route 8(load: 150) 370 333 393 325 279 409 345 433 425 352 381 
 Route 9(load: 65) 483 312 475 494 
 Route 10(load: 148) 363 382 495 344 471 468 338 497 412 407 
Location: 25(load: 1475) 
 Route 0(load: 150) 160 107 98 127 235 39 64 3 24 
 Route 1(load: 150) 189 2 182 431 347 361 423 125 78 
 Route 2(load: 148) 27 88 61 118 81 5 7 165 80 
 Route 3(load: 136) 62 179 188 15 211 103 73 230 155 
 Route 4(load: 148) 187 26 183 224 163 131 141 181 97 
 Route 5(load: 148) 354 261 357 457 319 418 324 264 47 
 Route 6(load: 150) 159 112 66 91 217 48 206 200 69 
 Route 7(load: 146) 144 238 121 52 180 222 145 1 94 
 Route 8(load: 150) 446 364 467 377 286 417 428 445 307 452 
 Route 9(load: 149) 300 498 350 479 299 449 384 427 416 
The actual cost is 1.45214e+06
