The objective is: 
1.53267e+06
The running time is: 
17993.6
The time meeting best is: 
17976.3
Location: 2(load: 1480) 
 Route 0(load: 150) 389 459 3 446 185 164 300 124 378 
 Route 1(load: 149) 16 6 161 296 26 477 97 474 68 421 
 Route 2(load: 146) 98 344 210 223 472 15 367 279 388 47 
 Route 3(load: 144) 20 244 330 410 74 408 429 100 414 
 Route 4(load: 150) 34 216 125 239 398 77 45 231 235 422 
 Route 5(load: 149) 383 400 228 258 490 42 456 43 197 326 
 Route 6(load: 150) 321 206 492 264 111 380 184 322 149 61 
 Route 7(load: 146) 166 62 281 418 277 435 382 453 376 465 
 Route 8(load: 150) 469 65 289 169 102 386 126 247 187 
 Route 9(load: 146) 106 237 312 353 240 493 368 117 332 
Location: 16(load: 1659) 
 Route 0(load: 150) 401 291 143 201 318 328 80 2 394 
 Route 1(load: 44) 7 307 88 
 Route 2(load: 149) 104 298 162 190 148 243 38 467 287 8 
 Route 3(load: 143) 462 86 128 439 93 232 12 352 122 
 Route 4(load: 145) 151 225 320 222 303 134 18 265 113 
 Route 5(load: 145) 178 76 327 461 23 25 59 248 293 
 Route 6(load: 147) 311 443 101 305 35 181 371 372 182 
 Route 7(load: 149) 447 147 153 67 180 499 397 39 423 
 Route 8(load: 149) 120 218 229 391 48 135 278 432 482 245 
 Route 9(load: 150) 212 71 49 315 193 227 109 377 115 420 
 Route 10(load: 144) 457 53 470 70 375 91 481 335 209 175 
 Route 11(load: 144) 252 259 464 155 361 121 92 129 
Location: 18(load: 1552) 
 Route 0(load: 147) 204 40 11 452 156 387 357 494 66 450 
 Route 1(load: 87) 127 364 21 427 119 
 Route 2(load: 147) 449 78 202 402 399 22 324 215 207 191 
 Route 3(load: 144) 428 334 188 30 198 430 370 256 440 
 Route 4(load: 150) 329 363 263 31 288 167 336 250 152 114 
 Route 5(load: 146) 313 107 82 136 274 199 451 32 171 142 
 Route 6(load: 150) 323 69 46 283 267 44 83 487 294 150 
 Route 7(load: 141) 230 57 174 295 261 205 411 466 348 
 Route 8(load: 150) 488 351 64 498 393 266 455 331 131 
 Route 9(load: 141) 403 251 211 302 81 196 384 337 333 
 Route 10(load: 149) 268 356 458 254 158 105 269 140 385 
Location: 19(load: 1379) 
 Route 0(load: 82) 246 299 460 50 63 0 
 Route 1(load: 147) 157 448 325 163 349 145 1 183 496 
 Route 2(load: 150) 29 89 339 5 436 189 165 454 480 242 319 
 Route 3(load: 150) 415 13 58 72 137 90 233 99 192 108 
 Route 4(load: 142) 224 159 413 343 273 219 431 19 346 
 Route 5(load: 149) 75 342 412 359 94 139 491 24 407 316 
 Route 6(load: 142) 96 262 374 255 272 234 173 33 270 
 Route 7(load: 149) 301 60 144 238 347 257 36 314 276 473 
 Route 8(load: 118) 200 55 84 249 132 308 103 392 
 Route 9(load: 150) 434 444 445 112 495 85 260 476 350 409 
Location: 28(load: 1692) 
 Route 0(load: 150) 123 116 208 4 217 358 110 9 241 
 Route 1(load: 142) 355 146 54 365 275 285 416 345 10 
 Route 2(load: 143) 253 373 130 354 179 177 286 14 
 Route 3(load: 149) 284 226 486 484 485 463 468 426 483 17 195 
 Route 4(load: 95) 497 341 213 27 471 
 Route 5(load: 150) 28 478 95 214 338 194 310 221 220 475 
 Route 6(load: 148) 405 424 360 419 309 37 441 340 133 141 
 Route 7(load: 147) 79 138 304 51 172 203 41 489 425 404 
 Route 8(load: 142) 236 433 176 369 52 282 290 170 479 
 Route 9(load: 127) 317 118 56 406 379 390 442 154 
 Route 10(load: 150) 73 395 186 297 417 271 87 381 306 
 Route 11(load: 149) 366 160 437 362 396 438 280 292 168 
The actual cost is 1.53267e+06
