The objective is: 
1.39999e+06
The running time is: 
16439.8
The time meeting best is: 
16241.3
Location: 1(load: 1266) 
 Route 0(load: 133) 110 32 75 95 22 89 0 62 30 
 Route 1(load: 149) 113 115 21 124 33 47 24 121 5 28 
 Route 2(load: 142) 379 446 461 419 51 90 108 66 92 10 
 Route 3(load: 150) 449 405 468 11 480 411 495 397 386 385 403 
 Route 4(load: 149) 400 382 381 402 463 470 477 48 444 
 Route 5(load: 144) 396 393 458 467 440 64 469 466 442 415 
 Route 6(load: 143) 441 398 375 464 456 474 481 389 390 484 
 Route 7(load: 106) 491 422 410 377 437 465 
 Route 8(load: 150) 417 431 384 475 459 471 407 399 420 443 
Location: 4(load: 1698) 
 Route 0(load: 150) 233 186 3 175 238 143 213 248 217 193 
 Route 1(load: 150) 249 78 27 14 9 87 79 118 103 17 
 Route 2(load: 140) 173 138 35 150 241 140 86 141 
 Route 3(load: 143) 204 212 176 246 196 188 125 50 163 148 
 Route 4(load: 138) 136 189 144 52 227 242 225 195 139 
 Route 5(load: 133) 205 224 158 239 243 91 165 170 172 
 Route 6(load: 132) 215 194 161 145 180 94 216 209 229 
 Route 7(load: 118) 159 219 142 133 116 197 200 221 
 Route 8(load: 149) 187 214 177 199 181 127 126 237 147 
 Route 9(load: 148) 134 191 130 236 152 223 128 154 146 240 178 
 Route 10(load: 147) 203 228 247 135 210 137 211 149 202 
 Route 11(load: 150) 198 206 184 182 231 153 151 201 190 
Location: 13(load: 1479) 
 Route 0(load: 150) 117 82 67 77 8 36 99 56 76 123 
 Route 1(load: 149) 391 18 494 413 55 65 424 416 418 457 
 Route 2(load: 144) 60 70 98 109 31 69 40 120 105 38 
 Route 3(load: 150) 448 438 452 388 406 37 104 436 472 
 Route 4(load: 146) 460 487 462 85 439 498 387 430 412 
 Route 5(load: 146) 496 380 447 455 404 409 93 433 451 
 Route 6(load: 149) 383 485 425 376 426 493 414 489 421 429 
 Route 7(load: 147) 408 428 435 453 454 378 392 473 395 
 Route 8(load: 150) 394 427 478 479 492 401 450 497 482 
 Route 9(load: 148) 445 476 499 434 488 483 486 432 490 423 
Location: 17(load: 1548) 
 Route 0(load: 150) 273 356 284 321 331 312 336 315 2 349 
 Route 1(load: 141) 88 57 73 49 54 7 100 112 81 
 Route 2(load: 149) 311 290 341 83 101 12 80 84 72 343 
 Route 3(load: 150) 256 333 97 68 279 316 362 342 13 251 
 Route 4(load: 150) 281 292 253 34 288 353 303 291 371 
 Route 5(load: 142) 364 63 337 61 306 297 300 309 257 
 Route 6(load: 80) 332 314 107 260 294 
 Route 7(load: 144) 352 326 250 351 295 254 354 270 370 
 Route 8(load: 149) 308 318 320 272 275 335 252 372 317 
 Route 9(load: 150) 268 259 258 282 327 373 278 350 359 264 
 Route 10(load: 143) 289 330 286 304 329 296 355 280 374 
Location: 18(load: 1700) 
 Route 0(load: 150) 20 1 162 222 179 167 132 218 230 156 
 Route 1(load: 150) 369 19 96 59 4 367 324 358 334 299 
 Route 2(load: 144) 25 119 46 26 15 111 102 6 39 
 Route 3(load: 150) 226 232 171 207 166 192 45 160 208 16 
 Route 4(load: 132) 53 122 23 43 71 168 157 169 245 
 Route 5(load: 150) 174 131 164 183 114 58 44 74 29 
 Route 6(load: 141) 41 267 283 328 298 269 339 42 357 
 Route 7(load: 147) 155 234 106 129 244 235 220 185 
 Route 8(load: 148) 319 285 262 255 277 361 338 287 310 365 
 Route 9(load: 150) 347 348 345 261 363 322 307 271 301 266 
 Route 10(load: 97) 325 366 302 265 368 360 263 
 Route 11(load: 141) 344 274 323 305 293 340 276 313 346 
The actual cost is 1.39999e+06
