The objective is: 
1.60114e+06
The running time is: 
23444.7
The time meeting best is: 
20211.8
Location: 2(load: 1590) 
 Route 0(load: 146) 33 169 11 115 273 9 46 70 203 
 Route 1(load: 149) 10 97 280 167 92 222 75 297 154 96 287 
 Route 2(load: 144) 42 272 185 24 31 177 15 29 55 
 Route 3(load: 146) 141 162 159 25 149 161 56 78 113 
 Route 4(load: 143) 274 253 125 188 276 36 123 549 434 
 Route 5(load: 145) 213 268 267 289 211 183 288 61 105 
 Route 6(load: 132) 101 81 104 140 249 245 199 431 
 Route 7(load: 149) 486 308 494 554 448 387 391 357 430 329 
 Route 8(load: 141) 516 373 452 580 476 466 309 501 345 
 Route 9(load: 149) 570 423 533 447 579 514 546 444 331 406 
 Route 10(load: 146) 559 560 332 356 459 410 386 417 
Location: 4(load: 1766) 
 Route 0(load: 148) 237 243 228 172 127 1 30 294 214 
 Route 1(load: 149) 209 108 47 226 3 80 181 89 40 16 
 Route 2(load: 146) 99 178 196 147 5 4 150 91 50 
 Route 3(load: 147) 250 59 180 217 138 192 18 202 54 
 Route 4(load: 147) 173 76 197 20 44 232 186 205 189 65 
 Route 5(load: 143) 26 157 121 129 23 262 67 224 
 Route 6(load: 149) 27 230 219 170 63 83 119 256 257 
 Route 7(load: 147) 51 251 182 248 28 57 218 110 32 84 
 Route 8(load: 142) 41 85 234 260 166 164 43 225 236 
 Route 9(load: 150) 124 163 275 212 277 95 231 143 49 
 Route 10(load: 150) 206 155 111 137 151 282 79 271 60 69 
 Route 11(load: 148) 90 176 175 290 216 259 160 93 265 117 
Location: 9(load: 2059) 
 Route 0(load: 149) 302 422 585 405 511 544 565 581 457 346 
 Route 1(load: 150) 433 550 561 383 388 461 304 403 473 598 
 Route 2(load: 150) 378 382 583 499 353 361 586 310 305 
 Route 3(load: 150) 449 334 323 372 307 318 395 493 321 428 
 Route 4(load: 143) 575 454 396 497 349 508 538 592 325 594 314 
 Route 5(load: 150) 348 489 460 563 507 492 478 535 574 316 
 Route 6(load: 136) 326 424 415 343 317 355 380 597 368 573 
 Route 7(load: 140) 589 320 531 337 569 468 567 474 407 
 Route 8(load: 149) 505 543 408 328 479 352 359 572 360 427 467 
 Route 9(load: 150) 376 400 588 384 562 523 412 333 485 
 Route 10(load: 149) 547 338 439 446 416 509 399 367 525 576 
 Route 11(load: 149) 341 584 429 498 381 340 524 504 527 347 
 Route 12(load: 150) 394 402 539 599 557 350 369 363 370 519 
 Route 13(load: 144) 484 443 374 532 377 552 571 548 496 
Location: 13(load: 2007) 
 Route 0(load: 141) 136 242 133 286 171 0 82 293 198 134 
 Route 1(load: 150) 132 284 165 22 252 2 148 87 215 
 Route 2(load: 143) 6 281 261 102 184 94 246 258 244 
 Route 3(load: 146) 13 7 152 109 255 77 207 156 88 
 Route 4(load: 132) 73 53 8 193 100 107 221 292 
 Route 5(load: 149) 223 130 266 39 12 235 98 122 278 153 
 Route 6(load: 148) 194 247 66 62 139 14 35 227 145 
 Route 7(load: 143) 187 120 48 38 19 220 64 210 17 
 Route 8(load: 149) 21 241 270 264 168 179 174 240 296 
 Route 9(load: 138) 291 34 116 68 45 208 233 58 128 
 Route 10(load: 150) 52 238 201 72 131 191 204 285 37 158 
 Route 11(load: 147) 295 71 298 283 114 195 118 144 190 
 Route 12(load: 150) 106 200 146 142 74 254 239 279 299 269 
 Route 13(load: 121) 112 135 263 86 126 103 229 
Location: 19(load: 1972) 
 Route 0(load: 147) 300 425 558 577 483 324 344 436 442 
 Route 1(load: 150) 401 475 462 582 392 537 469 301 590 
 Route 2(load: 149) 426 513 303 472 555 503 379 528 456 490 
 Route 3(load: 147) 568 322 306 587 482 471 398 432 506 578 
 Route 4(load: 146) 413 591 541 522 311 464 362 487 495 
 Route 5(load: 66) 542 418 312 419 
 Route 6(load: 150) 385 536 517 342 404 358 500 515 313 
 Route 7(load: 150) 518 315 530 480 389 521 339 510 375 
 Route 8(load: 150) 438 319 512 366 455 470 556 351 414 
 Route 9(load: 135) 458 365 526 327 390 481 463 440 
 Route 10(load: 144) 354 529 330 566 397 488 420 451 520 
 Route 11(load: 149) 491 437 596 409 534 453 435 553 335 
 Route 12(load: 144) 540 595 336 477 593 564 393 545 450 
 Route 13(load: 145) 421 502 445 465 371 364 411 441 551 
The actual cost is 1.60114e+06
