The objective is: 
1.55435e+06
The running time is: 
21897.5
The time meeting best is: 
20545.1
Location: 4(load: 1775) 
 Route 0(load: 143) 122 133 19 86 102 69 52 0 18 
 Route 1(load: 145) 68 85 55 7 142 92 28 128 514 
 Route 2(load: 147) 592 536 8 73 54 505 548 471 521 
 Route 3(load: 150) 544 531 49 117 31 82 21 15 103 508 
 Route 4(load: 150) 553 528 123 78 95 42 91 63 141 89 
 Route 5(load: 150) 542 518 573 557 511 490 452 519 522 497 
 Route 6(load: 150) 475 591 494 453 589 459 482 555 572 
 Route 7(load: 150) 498 520 599 487 510 468 526 582 456 562 
 Route 8(load: 149) 580 559 465 509 469 496 565 492 458 
 Route 9(load: 142) 587 484 561 579 529 596 501 462 479 
 Route 10(load: 149) 540 551 556 491 507 499 486 464 483 512 
 Route 11(load: 150) 541 583 574 466 524 537 527 506 503 474 
Location: 8(load: 2064) 
 Route 0(load: 150) 81 101 40 16 107 37 26 1 144 77 214 
 Route 1(load: 150) 276 4 210 220 241 206 248 272 251 299 
 Route 2(load: 148) 12 262 194 112 127 59 30 267 226 169 
 Route 3(load: 146) 271 244 257 243 163 175 290 287 23 176 
 Route 4(load: 149) 151 246 203 201 166 183 216 250 33 188 
 Route 5(load: 150) 109 234 255 225 264 263 154 202 190 224 
 Route 6(load: 149) 146 200 235 126 223 247 213 249 171 
 Route 7(load: 141) 212 209 152 197 177 205 218 137 
 Route 8(load: 147) 280 285 222 150 217 233 254 284 298 240 
 Route 9(load: 149) 173 182 156 160 165 195 198 184 193 189 
 Route 10(load: 143) 288 232 157 208 256 124 162 230 282 51 
 Route 11(load: 149) 245 170 187 265 161 277 221 269 199 293 
 Route 12(load: 145) 289 258 291 172 286 274 164 174 192 
 Route 13(load: 148) 185 296 266 270 181 227 260 281 294 215 
Location: 12(load: 1888) 
 Route 0(load: 149) 105 120 70 62 53 143 2 39 17 
 Route 1(load: 149) 130 45 66 93 75 97 71 9 61 301 
 Route 2(load: 148) 114 57 99 60 44 100 10 32 46 
 Route 3(load: 149) 38 353 65 339 14 346 396 332 361 348 
 Route 4(load: 150) 415 74 43 138 22 113 106 88 36 98 
 Route 5(load: 142) 426 110 48 395 149 405 333 379 364 414 
 Route 6(load: 138) 424 369 341 430 56 72 328 429 345 
 Route 7(load: 148) 437 435 375 87 420 376 380 393 362 
 Route 8(load: 149) 311 384 359 386 318 304 351 399 342 336 
 Route 9(load: 149) 329 367 423 306 411 428 316 438 446 366 
 Route 10(load: 150) 308 356 313 324 370 448 422 326 409 335 
 Route 11(load: 149) 382 441 343 371 337 413 392 344 317 
 Route 12(load: 118) 391 427 372 425 439 327 368 
Location: 15(load: 1907) 
 Route 0(load: 148) 145 83 131 50 29 6 139 119 147 
 Route 1(load: 148) 20 191 278 279 231 167 155 252 242 229 
 Route 2(load: 150) 493 569 547 121 495 24 523 517 594 
 Route 3(load: 147) 534 588 533 535 34 558 525 457 472 581 
 Route 4(load: 146) 239 238 158 283 236 94 268 261 295 
 Route 5(load: 140) 180 196 168 292 275 297 219 153 125 253 
 Route 6(load: 149) 454 564 504 543 481 134 575 515 571 473 
 Route 7(load: 149) 204 259 207 211 178 273 228 186 179 237 159 
 Route 8(load: 146) 590 470 450 546 485 554 502 539 460 
 Route 9(load: 150) 597 566 463 568 500 451 563 586 545 585 
 Route 10(load: 142) 530 549 567 577 570 516 455 595 476 
 Route 11(load: 149) 480 593 461 598 478 550 552 488 477 
 Route 12(load: 143) 560 489 513 584 576 578 467 532 538 
Location: 17(load: 1602) 
 Route 0(load: 142) 64 79 132 3 35 47 140 116 148 
 Route 1(load: 142) 41 135 76 108 11 5 27 67 96 104 
 Route 2(load: 148) 13 111 84 315 136 357 403 310 322 
 Route 3(load: 147) 115 302 309 25 378 383 58 129 118 
 Route 4(load: 150) 80 340 387 307 416 390 404 320 419 
 Route 5(load: 142) 365 319 447 408 410 90 434 418 402 440 
 Route 6(load: 145) 400 300 377 312 449 330 354 323 401 
 Route 7(load: 150) 350 360 417 358 321 305 347 303 352 
 Route 8(load: 142) 334 373 433 442 314 331 394 374 338 421 
 Route 9(load: 144) 325 385 431 349 397 444 355 445 363 
 Route 10(load: 150) 381 406 432 412 389 388 436 407 443 398 
The actual cost is 1.55435e+06
