The objective is: 
1.68998e+06
The running time is: 
27595.5
The time meeting best is: 
27370.8
Location: 1(load: 1905) 
 Route 0(load: 138) 9 187 433 293 338 483 149 185 36 
 Route 1(load: 144) 97 437 238 10 101 512 394 53 566 
 Route 2(load: 149) 261 134 509 216 221 12 271 92 446 331 318 
 Route 3(load: 147) 145 141 65 319 382 334 17 37 95 406 
 Route 4(load: 149) 374 19 385 537 273 46 73 510 282 387 
 Route 5(load: 149) 86 425 48 582 482 550 499 316 26 495 
 Route 6(load: 149) 332 127 43 391 217 595 456 324 76 
 Route 7(load: 147) 583 594 475 180 150 399 75 50 356 
 Route 8(load: 146) 580 416 310 220 389 74 572 360 381 
 Route 9(load: 145) 112 348 270 111 530 259 401 558 91 
 Route 10(load: 149) 409 204 109 325 284 462 249 418 340 534 
 Route 11(load: 144) 166 208 119 246 158 508 581 438 531 299 
 Route 12(load: 149) 306 467 451 567 264 407 547 449 176 260 
Location: 2(load: 1992) 
 Route 0(load: 150) 0 487 233 435 287 137 253 599 113 
 Route 1(load: 148) 2 404 296 327 413 102 365 592 461 
 Route 2(load: 144) 359 67 34 6 571 18 503 427 317 99 
 Route 3(load: 147) 329 61 16 447 436 358 587 161 184 
 Route 4(load: 124) 224 460 557 31 105 118 505 570 480 
 Route 5(load: 146) 279 252 189 422 182 527 579 32 450 
 Route 6(load: 148) 502 312 304 42 39 254 175 87 85 81 
 Route 7(load: 149) 478 593 569 371 300 140 41 256 171 303 
 Route 8(load: 147) 245 219 498 122 573 211 397 195 465 45 
 Route 9(load: 148) 132 89 543 212 52 206 47 269 485 398 
 Route 10(load: 150) 535 49 472 116 103 589 179 146 369 443 
 Route 11(load: 98) 125 51 174 421 193 355 
 Route 12(load: 150) 120 598 493 302 79 209 411 135 328 486 
 Route 13(load: 143) 121 533 307 123 513 129 417 553 470 
Location: 5(load: 1641) 
 Route 0(load: 147) 561 429 514 210 29 8 341 497 515 
 Route 1(load: 148) 13 565 244 213 378 426 368 283 248 372 
 Route 2(load: 150) 549 539 59 191 23 479 114 383 396 227 
 Route 3(load: 149) 226 337 528 384 35 71 170 388 267 350 
 Route 4(load: 149) 231 56 40 366 448 440 285 214 288 107 
 Route 5(load: 147) 320 236 474 477 519 560 110 548 62 167 
 Route 6(load: 143) 286 471 163 540 276 133 83 229 455 
 Route 7(load: 145) 424 545 576 156 241 117 100 266 196 
 Route 8(load: 150) 194 395 345 370 321 55 428 69 294 96 
 Route 9(load: 147) 556 153 207 536 201 362 452 525 520 
 Route 10(load: 20) 240 
 Route 11(load: 146) 242 313 578 223 410 222 326 108 500 363 
Location: 25(load: 1732) 
 Route 0(load: 146) 15 354 157 544 1 458 130 586 131 
 Route 1(load: 150) 526 4 68 72 339 57 186 315 415 265 
 Route 2(load: 147) 98 126 517 7 80 490 551 230 192 590 
 Route 3(load: 150) 420 364 164 523 228 289 21 262 232 
 Route 4(load: 144) 143 506 445 25 168 197 518 169 295 22 
 Route 5(load: 149) 430 403 311 591 575 496 27 373 115 432 
 Route 6(load: 135) 412 524 28 516 142 522 58 597 
 Route 7(load: 114) 136 457 367 33 574 147 154 
 Route 8(load: 149) 66 165 258 351 400 380 511 408 190 
 Route 9(load: 150) 88 375 585 423 301 177 542 291 183 152 172 
 Route 10(load: 148) 444 402 333 215 275 128 491 218 335 390 
 Route 11(load: 150) 484 202 405 459 181 298 277 198 330 250 
Location: 27(load: 1910) 
 Route 0(load: 149) 441 63 292 414 476 78 160 466 469 
 Route 1(load: 145) 559 342 529 243 11 494 454 538 442 30 
 Route 2(load: 150) 64 237 77 14 564 159 199 352 562 361 
 Route 3(load: 145) 188 20 274 309 44 434 323 200 563 268 
 Route 4(load: 139) 349 24 60 93 255 541 464 507 419 144 
 Route 5(load: 149) 453 173 278 504 94 38 155 247 205 90 
 Route 6(load: 150) 82 568 314 305 393 70 463 104 492 552 
 Route 7(load: 145) 203 3 322 257 353 54 343 5 
 Route 8(load: 149) 488 473 489 521 357 532 468 377 272 281 
 Route 9(load: 147) 139 596 239 148 577 481 84 234 235 
 Route 10(load: 150) 225 178 376 347 162 555 336 106 392 501 
 Route 11(load: 150) 546 588 290 124 554 297 344 308 431 138 
 Route 12(load: 142) 263 151 346 251 584 280 379 386 439 
The actual cost is 1.68998e+06
