The objective is: 
1.61221e+06
The running time is: 
21565.2
The time meeting best is: 
18857.2
Location: 6(load: 1786) 
 Route 0(load: 149) 463 523 554 401 529 547 447 427 537 
 Route 1(load: 149) 566 409 477 491 402 597 492 420 556 
 Route 2(load: 144) 440 495 507 466 412 478 445 403 519 
 Route 3(load: 150) 591 579 555 404 536 501 474 446 514 534 
 Route 4(load: 150) 405 500 504 494 484 560 587 428 465 552 561 
 Route 5(load: 148) 511 431 451 564 528 407 572 467 588 
 Route 6(load: 149) 582 464 476 489 457 559 578 411 526 
 Route 7(load: 150) 423 565 415 413 522 598 505 442 438 437 
 Route 8(load: 150) 444 562 443 487 485 452 518 454 429 
 Route 9(load: 148) 549 567 574 545 483 432 570 558 436 
 Route 10(load: 149) 568 527 540 532 497 461 539 538 453 
 Route 11(load: 150) 590 542 515 506 486 508 479 470 520 
Location: 8(load: 1719) 
 Route 0(load: 133) 516 488 221 256 236 351 297 285 322 
 Route 1(load: 127) 261 309 316 357 392 228 368 378 
 Route 2(load: 128) 326 306 325 289 382 300 374 302 
 Route 3(load: 148) 458 416 503 400 434 482 530 425 490 
 Route 4(load: 149) 469 426 406 596 595 563 439 408 553 
 Route 5(load: 147) 473 462 472 410 524 512 541 498 475 575 
 Route 6(load: 147) 496 593 459 548 468 481 525 594 414 533 
 Route 7(load: 147) 417 418 583 543 450 544 513 435 571 456 
 Route 8(load: 150) 424 419 502 546 580 517 569 421 448 493 
 Route 9(load: 150) 599 499 551 521 460 509 581 576 531 422 
 Route 10(load: 145) 441 535 471 557 433 592 430 449 586 
 Route 11(load: 148) 550 510 584 585 455 480 589 573 577 
Location: 10(load: 2041) 
 Route 0(load: 150) 158 22 191 34 153 62 98 2 74 
 Route 1(load: 146) 14 180 167 6 163 13 45 76 197 
 Route 2(load: 143) 231 240 331 264 211 201 206 273 82 9 
 Route 3(load: 149) 193 171 11 78 177 195 187 50 60 65 
 Route 4(load: 128) 199 123 54 93 115 12 90 107 
 Route 5(load: 150) 159 146 108 58 141 111 21 127 91 
 Route 6(load: 143) 132 31 133 67 32 129 87 30 110 51 
 Route 7(load: 146) 53 102 121 188 66 145 155 104 139 
 Route 8(load: 149) 131 147 70 282 397 295 327 128 150 68 
 Route 9(load: 148) 186 77 252 182 313 362 320 353 170 137 
 Route 10(load: 148) 142 160 120 168 154 100 181 162 157 
 Route 11(load: 147) 288 253 257 267 389 361 202 209 266 296 
 Route 12(load: 145) 377 338 348 254 388 216 204 245 366 
 Route 13(load: 149) 315 244 384 323 335 227 237 352 396 278 
Location: 12(load: 1765) 
 Route 0(load: 147) 196 184 106 48 63 37 0 94 
 Route 1(load: 148) 5 126 198 109 71 55 1 15 42 
 Route 2(load: 149) 28 3 25 112 46 183 135 85 83 
 Route 3(load: 150) 7 73 44 36 35 92 43 176 56 72 4 
 Route 4(load: 149) 134 166 57 81 38 148 88 152 64 8 
 Route 5(load: 138) 125 174 47 138 144 97 173 164 10 
 Route 6(load: 146) 23 189 89 130 175 16 179 151 39 
 Route 7(load: 150) 190 103 79 156 122 41 52 33 17 95 
 Route 8(load: 148) 18 105 185 20 143 29 124 194 69 59 
 Route 9(load: 149) 75 192 119 61 178 99 49 169 19 
 Route 10(load: 150) 114 80 86 161 40 117 113 84 165 24 149 
 Route 11(load: 141) 101 27 96 118 172 136 26 140 116 
Location: 22(load: 2026) 
 Route 0(load: 145) 336 301 373 224 354 341 251 293 200 
 Route 1(load: 149) 358 260 347 342 208 242 284 203 258 
 Route 2(load: 150) 294 376 210 356 262 369 205 279 321 390 
 Route 3(load: 150) 281 274 314 238 381 350 380 247 207 
 Route 4(load: 145) 275 394 324 346 286 213 332 218 343 212 
 Route 5(load: 147) 268 214 339 364 290 220 387 337 379 232 
 Route 6(load: 150) 276 398 311 215 255 330 277 372 349 
 Route 7(load: 108) 217 312 265 307 395 283 334 
 Route 8(load: 148) 219 399 340 230 272 249 363 383 370 310 
 Route 9(load: 145) 329 269 386 359 222 280 319 375 229 
 Route 10(load: 146) 270 298 304 367 371 318 328 391 223 
 Route 11(load: 146) 239 226 235 259 291 225 292 271 317 243 
 Route 12(load: 147) 365 246 385 345 333 303 355 344 233 305 
 Route 13(load: 150) 287 393 308 263 248 241 360 250 299 234 
The actual cost is 1.61221e+06
