100
0 1 4 6 7 e
0 1 4 7 9 e
0 1 2 4 7 8 e
0 1 2 3 4 7 e
0 1 4 6 7 9 e
0 1 3 4 6 7 e
0 1 3 4 7 9 e
0 1 4 5 7 e
0 1 3 4 6 7 9 e
0 1 2 4 6 7 8 e
0 1 2 4 7 8 9 e
0 1 2 3 4 7 8 e
0 1 4 6 7 8 9 e
0 1 4 5 6 7 e
0 1 4 5 7 8 e
0 1 4 5 7 9 e
0 1 3 4 5 7 e
0 1 2 4 5 7 e
0 1 4 7 e
0 1 3 4 5 7 8 e
0 1 3 4 5 7 9 e
0 1 2 4 5 6 7 e
0 1 2 4 5 7 8 e
0 1 2 4 5 7 9 e
0 1 2 3 4 5 7 e
0 1 4 5 6 7 8 e
0 1 4 5 6 7 9 e
0 1 4 5 7 8 9 e
0 1 3 4 5 6 7 e
1 4 5 7 e
1 4 7 e
1 4 5 6 7 e
1 4 5 7 8 e
1 4 5 7 9 e
1 3 4 5 7 e
1 2 4 5 7 e
0 1 2 4 7 e
0 1 4 7 8 e
0 1 3 4 7 e
1 2 4 7 e
1 3 4 7 e
1 4 6 7 e
1 4 7 8 e
1 4 7 9 e
1 2 4 5 6 7 e
1 2 4 5 7 8 e
1 2 4 5 7 9 e
1 2 3 4 5 7 e
1 4 5 6 7 8 e
1 4 5 6 7 9 e
1 4 5 7 8 9 e
1 3 4 5 6 7 e
1 3 4 5 7 8 e
1 3 4 5 7 9 e
0 1 2 4 6 7 e
0 1 2 4 7 9 e
0 1 4 6 7 8 e
0 1 4 7 8 9 e
0 1 3 4 7 8 e
1 2 4 6 7 e
1 2 4 7 8 e
1 2 4 7 9 e
1 2 3 4 7 e
1 2 4 5 6 7 8 e
1 2 4 5 6 7 9 e
1 2 4 5 7 8 9 e
1 3 4 5 6 7 8 e
1 3 4 5 6 7 9 e
1 3 4 5 7 8 9 e
1 2 3 4 5 6 7 e
1 2 3 4 5 7 8 e
1 2 3 4 5 7 9 e
1 4 6 7 8 e
1 4 6 7 9 e
1 4 7 8 9 e
1 3 4 6 7 e
1 3 4 7 8 e
1 3 4 7 9 e
1 4 5 6 7 8 9 e
0 1 3 4 6 7 8 e
0 1 3 4 7 8 9 e
0 1 2 4 6 7 9 e
0 1 2 3 4 6 7 e
0 1 2 3 4 7 9 e
1 2 4 6 7 8 e
1 2 4 6 7 9 e
1 2 4 7 8 9 e
1 2 3 4 6 7 e
1 2 3 4 7 8 e
1 2 3 4 7 9 e
1 4 6 7 8 9 e
1 3 4 6 7 8 e
1 3 4 6 7 9 e
1 3 4 7 8 9 e
1 2 4 6 7 8 9 e
1 3 4 6 7 8 9 e
1 2 3 4 6 7 8 e
1 2 3 4 6 7 9 e
1 2 3 4 7 8 9 e
1 2 3 4 6 7 8 9 e
