100
0 2 3 4 6 7 8 9 e
0 1 2 3 4 6 7 8 9 e
2 3 4 6 8 9 e
0 1 2 3 4 7 8 9 e
1 2 3 4 6 7 8 9 e
1 2 3 4 8 9 e
1 2 3 4 7 8 9 e
2 3 4 6 7 8 9 e
1 2 3 4 6 8 9 e
2 3 4 7 8 9 e
0 1 2 3 4 5 6 7 8 9 e
0 2 4 6 7 8 9 e
2 3 4 5 7 8 9 e
0 1 2 4 6 7 8 9 e
0 2 4 6 8 9 e
0 2 3 4 5 7 8 9 e
0 2 3 4 5 6 7 8 9 e
0 1 2 3 4 5 7 8 9 e
0 1 2 4 7 8 9 e
0 1 2 4 6 8 9 e
0 1 2 3 7 8 9 e
0 1 2 4 8 9 e
0 2 3 6 8 9 e
0 1 2 3 6 8 9 e
0 1 2 3 8 9 e
0 2 3 6 7 8 9 e
0 2 3 7 8 9 e
2 4 6 8 9 e
1 2 4 8 9 e
0 2 4 7 8 9 e
0 2 4 5 6 7 8 9 e
0 2 3 5 8 9 e
0 1 2 3 5 7 8 9 e
1 2 4 6 8 9 e
1 2 4 5 8 9 e
0 2 4 5 6 8 9 e
0 1 2 4 5 6 8 9 e
0 1 2 3 6 7 8 9 e
0 2 4 5 8 9 e
0 2 3 5 7 8 9 e
2 4 7 8 9 e
0 2 3 5 6 7 8 9 e
0 1 2 4 5 8 9 e
0 1 2 4 5 7 8 9 e
0 1 2 3 5 6 7 8 9 e
2 4 8 9 e
1 2 4 5 6 8 9 e
2 4 5 8 9 e
1 2 4 5 6 7 8 9 e
2 4 5 7 8 9 e
0 1 2 4 5 6 7 8 9 e
2 4 5 6 7 8 9 e
2 4 6 7 8 9 e
0 2 4 5 7 8 9 e
2 4 5 6 8 9 e
1 2 4 6 7 8 9 e
0 2 6 7 8 9 e
1 2 4 7 8 9 e
0 1 2 6 7 8 9 e
0 2 6 8 9 e
0 1 2 6 8 9 e
0 1 2 7 8 9 e
0 1 2 8 9 e
2 3 6 7 8 9 e
1 2 3 6 7 8 9 e
1 2 4 5 7 8 9 e
0 1 2 5 6 8 9 e
2 3 6 8 9 e
0 2 5 8 9 e
0 1 2 5 7 8 9 e
0 1 2 5 8 9 e
0 2 5 6 8 9 e
0 2 5 6 7 8 9 e
2 3 5 8 9 e
2 3 5 7 8 9 e
1 2 3 5 7 8 9 e
2 3 5 6 7 8 9 e
1 2 3 7 8 9 e
1 2 3 5 6 7 8 9 e
1 2 3 8 9 e
0 1 2 5 6 7 8 9 e
0 2 5 7 8 9 e
0 2 7 8 9 e
1 2 7 8 9 e
2 6 7 8 9 e
2 6 8 9 e
1 2 8 9 e
1 2 6 7 8 9 e
0 2 3 6 7 9 e
0 1 2 3 6 7 9 e
2 5 6 7 8 9 e
1 2 5 6 7 8 9 e
1 2 5 7 8 9 e
2 3 6 7 9 e
2 3 5 6 7 9 e
1 2 3 7 9 e
2 5 7 8 9 e
1 2 3 5 7 9 e
2 3 5 7 9 e
1 2 3 5 6 7 9 e
