100
0 3 4 7 12 14 e
0 2 3 4 7 12 14 e
0 3 4 7 10 12 14 e
0 3 4 7 12 14 17 e
0 3 4 7 12 14 18 e
0 3 4 7 12 14 19 e
0 2 3 4 7 10 12 14 e
0 2 3 4 7 12 14 15 e
0 2 3 4 7 12 14 17 e
0 2 3 4 7 12 14 18 e
0 2 3 4 7 12 14 19 e
0 3 4 7 10 12 14 17 e
0 3 4 7 10 12 14 18 e
0 3 4 7 10 12 14 19 e
0 3 4 7 12 14 16 18 e
0 3 4 7 12 14 17 18 e
0 3 4 7 12 14 17 19 e
0 3 4 7 12 14 18 19 e
0 3 4 7 10 12 14 16 18 e
0 3 4 7 10 12 14 17 18 e
0 3 4 7 10 12 14 17 19 e
0 3 4 7 10 12 14 18 19 e
0 3 4 7 12 14 16 17 18 e
0 3 4 7 12 14 16 18 19 e
0 3 4 7 12 14 17 18 19 e
0 3 4 7 8 12 14 16 18 e
0 3 4 5 7 12 14 16 18 e
0 2 3 4 7 10 12 14 15 e
0 2 3 4 7 10 12 14 17 e
0 2 3 4 7 10 12 14 18 e
0 2 3 4 7 10 12 14 19 e
0 2 3 4 7 12 14 15 17 e
0 2 3 4 7 12 14 15 18 e
0 2 3 4 7 12 14 15 19 e
0 2 3 4 7 12 14 16 18 e
0 2 3 4 7 12 14 17 18 e
0 2 3 4 7 12 14 17 19 e
0 2 3 4 7 12 14 18 19 e
0 3 4 7 8 12 14 16 17 18 e
0 3 4 7 8 12 14 16 18 19 e
0 3 4 7 12 14 16 17 18 19 e
0 3 4 7 10 12 14 16 17 18 e
0 3 4 7 10 12 14 16 18 19 e
0 3 4 7 10 12 14 17 18 19 e
0 2 3 4 7 10 12 14 15 17 e
0 2 3 4 7 10 12 14 15 18 e
0 2 3 4 7 10 12 14 15 19 e
0 2 3 4 7 10 12 14 16 18 e
0 2 3 4 7 10 12 14 17 18 e
0 2 3 4 7 10 12 14 17 19 e
0 2 3 4 7 10 12 14 18 19 e
0 2 3 4 7 12 14 15 16 18 e
0 2 3 4 7 12 14 15 17 18 e
0 2 3 4 7 12 14 15 17 19 e
0 2 3 4 7 12 14 15 18 19 e
0 2 3 4 7 12 14 16 17 18 e
0 2 3 4 7 12 14 16 18 19 e
0 2 3 4 7 12 14 17 18 19 e
0 2 3 4 7 8 12 14 16 18 e
0 3 4 5 7 10 12 14 16 18 e
0 2 3 4 5 7 12 14 16 18 e
0 3 4 5 7 12 14 16 17 18 e
0 3 4 5 7 12 14 16 18 19 e
0 2 3 4 7 12 14 15 16 17 18 e
0 2 3 4 7 12 14 15 16 18 19 e
0 2 3 4 7 12 14 15 17 18 19 e
0 3 4 7 8 12 14 16 17 18 19 e
0 2 3 4 7 12 14 16 17 18 19 e
0 2 3 4 7 10 12 14 15 16 18 e
0 2 3 4 7 10 12 14 15 17 18 e
0 2 3 4 7 10 12 14 15 17 19 e
0 2 3 4 7 10 12 14 15 18 19 e
0 2 3 4 7 10 12 14 16 17 18 e
0 2 3 4 7 10 12 14 16 18 19 e
0 2 3 4 7 10 12 14 17 18 19 e
0 3 4 7 10 12 14 16 17 18 19 e
0 3 4 5 7 12 14 16 17 18 19 e
0 3 4 5 7 10 12 14 16 17 18 e
0 3 4 5 7 10 12 14 16 18 19 e
0 2 3 4 5 7 10 12 14 16 18 e
0 2 3 4 5 7 12 14 15 16 18 e
0 2 3 4 5 7 12 14 16 17 18 e
0 2 3 4 5 7 12 14 16 18 19 e
0 2 3 4 7 8 12 14 16 17 18 e
0 2 3 4 7 8 12 14 16 18 19 e
0 2 3 4 5 7 8 12 14 16 18 e
0 2 3 4 7 10 12 14 16 17 18 19 e
0 3 4 5 7 10 12 14 16 17 18 19 e
0 2 3 4 5 7 12 14 15 16 17 18 e
0 2 3 4 5 7 12 14 15 16 18 19 e
0 2 3 4 5 7 12 14 16 17 18 19 e
0 2 3 4 5 7 10 12 14 15 16 18 e
0 2 3 4 5 7 10 12 14 16 17 18 e
0 2 3 4 5 7 10 12 14 16 18 19 e
0 2 3 4 7 12 14 15 16 17 18 19 e
0 2 3 4 7 8 12 14 16 17 18 19 e
0 2 3 4 5 7 8 12 14 15 16 18 e
0 2 3 4 5 7 8 12 14 16 17 18 e
0 2 3 4 5 7 8 12 14 16 18 19 e
0 2 3 4 7 10 12 14 15 16 17 18 e
