100
3 6 12 e
1 3 6 12 e
2 3 6 12 e
3 6 8 12 e
3 6 7 12 e
3 6 12 13 e
3 6 12 15 e
3 6 12 17 e
3 6 12 19 e
3 5 6 12 e
3 5 6 8 12 e
3 5 6 7 12 e
3 5 6 12 13 e
3 5 6 12 15 e
3 5 6 12 17 e
3 5 6 12 19 e
1 3 5 6 12 e
2 3 5 6 12 e
3 5 6 8 12 13 e
3 5 6 8 12 15 e
3 5 6 8 12 17 e
3 5 6 8 12 19 e
3 5 6 7 8 12 e
3 5 6 7 12 13 e
3 5 6 7 12 15 e
3 5 6 7 12 17 e
3 5 6 7 12 19 e
3 5 6 12 13 15 e
3 5 6 12 13 17 e
3 5 6 12 13 19 e
3 5 6 12 15 17 e
3 5 6 12 15 18 e
3 5 6 12 15 19 e
0 1 3 5 6 12 e
1 2 3 5 6 12 e
1 3 5 6 8 12 e
1 3 5 6 7 12 e
1 3 5 6 12 13 e
1 3 5 6 12 15 e
1 3 5 6 12 19 e
2 3 5 6 8 12 e
2 3 5 6 7 12 e
2 3 5 6 12 13 e
2 3 5 6 12 15 e
2 3 5 6 12 19 e
3 5 6 8 12 13 15 e
3 5 6 8 12 13 17 e
3 5 6 8 12 13 19 e
3 5 6 8 12 15 17 e
3 5 6 8 12 15 18 e
3 5 6 8 12 15 19 e
3 5 6 8 12 17 19 e
3 5 6 7 8 12 13 e
3 5 6 7 8 12 15 e
3 5 6 7 8 12 17 e
3 5 6 7 8 12 19 e
3 5 6 7 12 13 15 e
3 5 6 7 12 13 17 e
3 5 6 7 12 13 19 e
3 5 6 7 12 15 17 e
3 5 6 7 12 15 18 e
3 5 6 7 12 15 19 e
3 5 6 12 13 15 17 e
3 5 6 12 13 15 18 e
3 5 6 12 13 15 19 e
3 5 6 12 13 17 19 e
3 5 6 12 15 17 18 e
3 5 6 12 15 18 19 e
1 3 5 6 8 12 13 e
1 3 5 6 8 12 15 e
1 3 5 6 8 12 19 e
1 3 5 6 7 8 12 e
1 3 5 6 7 12 13 e
1 3 5 6 7 12 15 e
1 3 5 6 7 12 17 e
1 3 5 6 7 12 19 e
1 3 5 6 12 13 15 e
1 3 5 6 12 13 17 e
1 3 5 6 12 13 19 e
1 3 5 6 12 15 18 e
1 3 5 6 12 15 19 e
0 1 3 5 6 8 12 e
0 1 3 5 6 7 12 e
0 1 3 5 6 12 13 e
0 1 3 5 6 12 15 e
0 1 3 5 6 12 19 e
0 1 3 5 6 10 12 e
2 3 5 6 8 12 13 e
2 3 5 6 8 12 15 e
2 3 5 6 8 12 19 e
2 3 5 6 7 8 12 e
2 3 5 6 7 12 13 e
2 3 5 6 7 12 15 e
2 3 5 6 7 12 19 e
2 3 5 6 12 13 15 e
2 3 5 6 12 13 17 e
2 3 5 6 12 13 19 e
2 3 5 6 12 15 18 e
2 3 5 6 12 15 19 e
1 2 3 5 6 8 12 e
