100
0 1 2 3 4 5 6 7 8 9 e
0 3 4 5 6 7 8 9 e
1 2 3 4 5 6 7 8 9 e
0 1 3 4 5 6 7 8 e
0 1 2 3 5 6 7 8 9 e
0 1 3 4 5 6 7 8 9 e
0 1 2 3 4 5 6 7 9 e
1 2 3 4 5 6 7 8 e
0 1 2 3 4 5 6 7 8 e
0 2 3 4 5 6 7 8 9 e
0 1 2 3 4 5 6 7 e
3 4 5 6 7 8 9 e
0 1 3 5 6 7 8 9 e
0 1 2 3 5 6 7 8 e
0 2 3 5 6 7 8 9 e
2 3 4 5 6 7 8 9 e
0 1 2 3 4 5 6 8 9 e
0 2 3 4 5 6 7 9 e
0 2 3 4 5 6 7 8 e
1 2 3 4 5 6 7 9 e
1 2 3 5 6 7 8 e
0 1 2 4 5 6 7 8 9 e
0 1 4 5 6 7 8 e
3 5 6 7 8 9 e
1 3 4 5 6 7 8 9 e
1 3 4 5 6 7 8 e
0 1 2 4 5 6 7 8 e
0 1 3 4 5 6 8 e
0 1 2 3 4 5 6 8 e
2 3 4 5 6 7 9 e
0 3 4 5 6 7 8 e
1 2 3 5 6 7 8 9 e
0 2 3 4 5 6 8 9 e
0 1 4 5 6 7 8 9 e
0 2 3 5 6 7 9 e
1 2 4 5 6 7 8 9 e
2 4 5 6 7 8 9 e
1 2 3 4 5 6 7 e
0 2 4 5 6 7 8 9 e
0 1 2 3 4 5 6 9 e
0 1 2 3 5 6 7 e
1 2 4 5 6 7 8 e
2 3 5 6 7 8 9 e
0 1 2 4 5 6 7 e
0 4 5 6 7 8 9 e
0 1 3 5 6 7 8 e
0 2 4 5 6 7 9 e
0 1 2 3 4 5 6 e
1 4 5 6 7 8 9 e
0 3 5 6 7 8 9 e
1 3 5 6 7 8 9 e
0 1 2 4 5 6 7 9 e
0 2 3 4 5 6 7 e
0 1 3 4 5 6 8 9 e
3 4 5 6 8 9 e
0 1 2 3 5 6 7 9 e
2 3 4 5 6 8 9 e
0 1 3 4 5 6 7 9 e
0 1 3 4 5 6 7 e
1 3 4 5 6 8 9 e
1 2 4 5 6 7 9 e
0 3 4 5 6 7 9 e
1 3 5 6 7 8 e
2 4 5 6 7 9 e
0 1 5 6 7 8 9 e
1 3 4 5 6 8 e
0 1 5 6 7 8 e
1 4 5 6 7 8 e
0 3 4 5 6 8 9 e
0 1 2 3 5 6 8 9 e
0 5 6 7 8 9 e
0 1 3 5 6 8 9 e
0 3 5 6 8 9 e
0 1 3 5 6 8 e
1 2 3 4 5 6 8 9 e
2 3 5 6 7 9 e
1 2 3 4 5 6 e
1 2 3 5 6 7 e
1 5 6 7 8 9 e
0 2 5 6 7 8 9 e
4 5 6 7 8 9 e
1 2 4 5 6 7 e
1 2 3 4 5 6 8 e
2 3 4 5 6 9 e
0 1 2 5 6 7 8 9 e
0 2 3 5 6 8 9 e
0 1 2 5 6 7 8 e
0 2 3 4 5 6 9 e
2 5 6 7 8 9 e
1 2 5 6 7 8 e
0 1 2 5 6 7 9 e
0 2 4 5 6 7 8 e
1 5 6 7 8 e
0 2 3 4 5 6 8 e
3 4 5 6 7 8 e
0 1 4 5 6 7 9 e
5 6 7 8 9 e
2 3 4 5 6 7 8 e
1 2 3 5 6 8 e
1 2 3 4 5 6 9 e
