100
12 15 16 e
1 12 15 16 e
3 12 15 16 e
4 12 15 16 e
8 12 15 16 e
12 15 16 17 e
12 15 16 19 e
10 12 15 16 e
3 4 12 15 16 e
3 8 12 15 16 e
3 12 15 16 17 e
3 12 15 16 19 e
3 10 12 15 16 e
4 9 12 15 16 e
4 8 12 15 16 e
4 12 15 16 17 e
4 12 15 16 19 e
4 10 12 15 16 e
8 11 12 15 16 e
8 12 15 16 17 e
8 12 15 16 19 e
8 10 12 15 16 e
1 3 12 15 16 e
1 4 12 15 16 e
1 8 12 15 16 e
1 12 15 16 17 e
1 12 15 16 19 e
1 10 12 15 16 e
0 12 15 16 19 e
12 15 16 17 19 e
10 12 15 16 17 e
10 12 15 16 19 e
12 14 15 16 17 e
0 3 12 15 16 19 e
4 12 15 16 17 19 e
4 10 12 15 16 17 e
4 10 12 15 16 19 e
4 12 14 15 16 17 e
0 4 12 15 16 19 e
8 11 12 15 16 17 e
8 11 12 15 16 19 e
8 12 15 16 17 19 e
8 10 11 12 15 16 e
8 10 12 15 16 17 e
8 10 12 15 16 19 e
8 12 14 15 16 17 e
0 8 12 15 16 19 e
10 12 15 16 17 19 e
3 12 15 16 17 19 e
3 10 12 15 16 17 e
3 10 12 15 16 19 e
10 12 14 15 16 17 e
3 12 14 15 16 17 e
4 9 12 13 15 16 e
4 9 12 15 16 17 e
4 9 12 15 16 19 e
4 9 10 12 15 16 e
4 8 9 12 15 16 e
1 12 15 16 17 19 e
1 10 12 15 16 17 e
1 10 12 15 16 19 e
4 8 11 12 15 16 e
4 8 12 15 16 17 e
4 8 12 15 16 19 e
4 8 10 12 15 16 e
1 12 14 15 16 17 e
12 14 15 16 17 19 e
0 1 12 15 16 19 e
1 3 4 12 15 16 e
3 4 9 12 15 16 e
3 4 8 12 15 16 e
1 3 8 12 15 16 e
3 4 12 15 16 17 e
3 4 12 15 16 19 e
3 4 10 12 15 16 e
1 3 12 15 16 17 e
1 3 12 15 16 19 e
1 3 10 12 15 16 e
1 4 9 12 15 16 e
1 4 8 12 15 16 e
1 4 12 15 16 17 e
1 4 12 15 16 19 e
1 4 10 12 15 16 e
3 8 11 12 15 16 e
3 8 12 15 16 17 e
3 8 12 15 16 19 e
3 8 10 12 15 16 e
1 8 11 12 15 16 e
1 8 12 15 16 17 e
1 8 12 15 16 19 e
1 8 10 12 15 16 e
0 12 15 16 17 19 e
0 10 12 15 16 19 e
8 10 12 15 16 17 19 e
8 10 12 14 15 16 17 e
4 9 12 13 15 16 17 e
4 9 12 13 15 16 19 e
0 10 12 15 16 17 19 e
0 3 12 15 16 17 19 e
0 3 10 12 15 16 19 e
