100
0 1 3 7 15 19 e
1 3 7 15 19 e
0 1 2 3 7 15 19 e
0 1 3 4 7 15 19 e
0 1 3 7 8 15 19 e
0 1 3 7 10 15 19 e
0 1 3 7 13 15 19 e
0 1 3 7 15 16 19 e
0 1 3 7 8 11 15 19 e
0 1 3 7 8 15 16 19 e
0 1 3 7 10 13 15 19 e
0 1 3 7 10 15 16 19 e
0 1 3 7 13 15 16 19 e
0 1 3 4 7 8 15 19 e
0 1 3 4 7 10 15 19 e
0 1 3 4 7 12 15 19 e
0 1 3 4 7 13 15 19 e
0 1 3 4 7 15 16 19 e
0 1 2 3 7 10 15 19 e
0 1 2 3 7 15 16 19 e
1 3 7 10 15 19 e
1 2 3 7 15 19 e
1 3 7 8 15 19 e
1 3 7 15 16 19 e
0 1 3 7 8 11 15 16 19 e
0 1 3 7 8 13 15 16 19 e
1 3 7 8 11 15 19 e
1 3 7 10 15 16 19 e
1 3 4 7 10 15 19 e
1 3 4 7 15 16 19 e
1 3 4 7 15 19 e
1 3 7 13 15 19 e
1 2 3 7 15 16 19 e
1 3 7 10 13 15 19 e
1 3 4 7 8 15 19 e
1 3 4 7 13 15 19 e
1 3 4 7 8 11 15 19 e
1 3 4 7 8 15 16 19 e
1 3 4 7 12 15 16 19 e
1 3 7 8 11 15 16 19 e
1 2 3 7 13 15 16 19 e
1 2 3 7 10 15 19 e
1 3 7 8 15 16 19 e
1 3 7 13 15 16 19 e
1 3 4 7 12 15 19 e
1 3 4 7 8 10 15 19 e
1 3 4 7 8 13 15 19 e
1 3 4 7 10 15 16 19 e
1 3 7 8 10 11 15 19 e
1 2 3 7 10 15 16 19 e
1 3 7 8 10 11 15 16 19 e
1 3 4 7 8 10 13 15 19 e
1 3 4 7 8 11 13 15 19 e
1 3 4 7 8 13 15 16 19 e
1 3 7 10 13 15 16 19 e
1 3 4 7 8 12 15 19 e
1 3 4 7 10 13 15 19 e
1 3 4 7 13 15 16 19 e
1 3 7 8 13 15 16 19 e
1 3 4 7 12 13 15 16 19 e
1 3 4 7 8 10 11 15 19 e
1 3 4 7 8 11 12 15 19 e
1 3 4 7 8 12 15 16 19 e
1 3 4 7 8 10 11 13 15 19 e
1 3 4 7 8 11 12 13 15 19 e
1 3 4 7 8 12 13 15 16 19 e
1 3 4 7 10 13 15 16 19 e
1 3 7 8 11 13 15 16 19 e
1 3 4 7 8 10 15 16 19 e
1 3 4 7 8 11 15 16 19 e
1 3 4 7 8 10 11 12 15 19 e
1 3 4 7 8 10 13 15 16 19 e
1 3 4 7 8 11 13 15 16 19 e
1 3 4 7 8 10 11 12 15 16 19 e
1 3 7 8 10 11 13 15 16 19 e
1 3 4 7 8 10 11 15 16 19 e
1 3 4 7 8 11 12 15 16 19 e
1 3 4 7 8 10 11 12 13 15 19 e
3 7 15 19 e
1 3 4 7 8 10 11 12 13 15 16 19 e
1 3 4 7 8 11 12 13 15 16 19 e
1 3 4 7 8 10 11 13 15 16 19 e
2 3 7 15 19 e
3 7 8 15 19 e
3 7 13 15 19 e
3 4 7 15 19 e
3 7 10 15 19 e
3 7 15 16 19 e
2 3 7 10 15 19 e
3 7 8 11 15 19 e
3 7 10 13 15 19 e
3 7 13 15 16 19 e
3 4 7 10 15 19 e
3 4 7 13 15 19 e
2 3 7 15 16 19 e
3 7 8 15 16 19 e
3 7 10 15 16 19 e
3 4 7 8 15 19 e
3 4 7 12 15 19 e
3 4 7 15 16 19 e
