100
2 3 4 5 7 8 9 10 16 17 19 e
2 3 4 5 7 8 10 12 16 17 19 e
2 3 4 5 7 8 9 10 15 16 17 19 e
2 3 4 5 7 8 10 12 13 16 17 19 e
2 3 4 5 7 8 10 12 15 16 17 19 e
2 3 4 5 7 8 10 12 13 15 16 17 19 e
2 3 4 5 7 8 9 10 11 15 16 17 19 e
2 3 4 5 7 8 9 10 11 16 17 19 e
2 3 4 5 7 8 9 10 16 19 e
2 3 4 5 7 8 9 10 12 13 16 19 e
2 3 4 5 7 8 10 12 16 19 e
2 3 4 5 7 8 9 10 13 16 17 19 e
2 3 4 5 7 8 9 10 14 16 19 e
1 2 3 4 5 7 8 10 12 16 19 e
2 3 4 5 7 8 9 10 11 13 16 17 19 e
2 3 4 5 7 8 9 10 11 16 19 e
2 3 4 5 7 8 10 12 13 16 19 e
2 3 4 5 7 8 10 12 15 16 19 e
2 3 4 5 7 8 9 10 13 15 16 17 19 e
2 3 4 5 7 8 9 10 12 15 16 19 e
0 2 3 4 5 7 8 9 10 12 14 16 19 e
1 2 3 4 5 7 8 9 10 16 19 e
2 3 4 5 7 8 9 10 12 13 15 16 19 e
2 3 4 5 7 8 9 10 11 12 13 16 19 e
2 3 4 5 7 8 9 10 11 12 15 16 19 e
2 3 4 5 7 8 9 10 12 16 19 e
1 2 3 4 5 7 8 9 10 11 16 19 e
1 2 3 4 5 7 8 10 12 13 16 19 e
1 2 3 4 5 7 8 10 12 15 16 19 e
2 3 4 5 7 8 9 10 13 16 19 e
2 3 4 5 7 8 9 10 15 16 19 e
2 3 4 5 7 8 10 12 13 15 16 19 e
2 3 4 5 7 8 9 10 11 13 15 16 17 19 e
0 2 3 4 5 7 8 9 10 12 13 14 16 19 e
2 3 4 5 7 8 9 10 11 12 16 19 e
2 3 4 5 7 8 9 10 11 12 13 15 16 19 e
2 3 4 5 7 8 9 10 11 13 16 19 e
2 3 4 5 7 8 9 10 11 15 16 19 e
2 3 4 5 7 8 9 10 13 15 16 19 e
0 2 3 4 5 7 8 9 10 11 12 14 16 18 19 e
1 2 3 4 5 7 8 9 10 11 13 16 19 e
1 2 3 4 5 7 8 9 10 11 13 15 16 19 e
2 3 4 5 7 8 9 10 11 13 15 16 19 e
0 2 3 4 5 7 8 9 10 11 12 13 14 16 18 19 e
1 2 3 4 5 7 8 10 12 13 15 16 19 e
0 2 3 4 5 7 8 9 10 11 12 14 16 19 e
1 2 3 4 5 7 8 9 10 13 15 16 19 e
0 2 3 4 5 7 8 9 10 11 12 13 14 16 19 e
0 2 3 4 5 7 8 9 10 12 13 14 15 16 19 e
2 3 4 5 7 8 9 10 12 13 14 16 19 e
1 2 3 4 5 7 8 9 10 12 14 16 19 e
1 2 3 4 5 7 8 9 10 13 16 19 e
1 2 3 4 5 7 8 9 10 15 16 19 e
2 3 4 5 7 8 9 10 12 13 14 15 16 19 e
2 3 4 5 7 8 9 10 11 12 14 16 18 19 e
1 2 3 4 5 7 8 9 10 11 15 16 19 e
0 2 3 4 5 7 8 9 10 11 12 13 14 15 16 19 e
1 2 3 4 5 7 8 9 10 11 12 14 16 19 e
1 2 3 4 5 7 8 9 10 12 13 14 16 19 e
2 3 4 5 7 8 9 10 11 12 13 14 15 16 19 e
0 2 3 4 5 7 8 9 10 11 12 13 14 15 16 18 19 e
1 2 3 4 5 7 8 9 10 11 12 13 14 16 19 e
2 3 4 5 7 8 9 10 11 12 13 14 15 16 18 19 e
2 3 4 5 7 8 9 10 12 14 16 19 e
1 2 3 4 5 7 8 9 10 11 12 14 16 18 19 e
2 4 5 7 8 9 10 16 19 e
2 3 4 5 7 8 9 10 11 12 14 16 19 e
2 3 4 5 7 8 9 10 11 12 13 14 16 19 e
2 3 5 7 8 10 12 15 16 19 e
2 3 5 7 8 9 10 15 16 19 e
2 3 5 7 8 9 10 12 13 16 19 e
2 3 4 5 7 8 9 10 11 12 13 14 16 18 19 e
2 3 5 7 8 9 10 11 15 16 19 e
2 3 5 7 8 9 10 13 15 16 19 e
2 3 5 7 8 9 10 16 19 e
2 3 5 7 8 9 10 11 16 19 e
2 3 5 7 8 10 12 13 15 16 19 e
2 3 5 7 8 9 10 11 13 15 16 19 e
2 3 5 7 8 9 10 13 16 19 e
2 3 5 7 8 10 12 16 19 e
2 3 5 7 8 9 10 11 13 16 19 e
2 3 5 7 8 10 12 13 16 19 e
2 3 5 7 8 9 10 12 13 14 16 19 e
2 3 5 7 8 9 10 12 16 19 e
0 2 3 5 7 8 9 10 12 13 14 16 19 e
2 3 5 7 8 9 10 11 12 14 16 18 19 e
2 3 5 7 8 9 10 11 12 16 19 e
2 3 5 7 8 9 10 12 13 14 15 16 19 e
2 3 5 7 8 9 10 11 12 13 16 19 e
0 2 3 5 7 8 9 10 12 14 16 19 e
0 2 3 5 7 8 9 10 11 12 14 16 19 e
2 3 5 7 8 9 10 12 14 16 19 e
0 2 3 5 7 8 9 10 11 12 13 14 16 19 e
0 2 3 5 7 8 9 10 11 12 14 16 18 19 e
2 3 5 7 8 9 10 11 12 14 16 19 e
2 3 5 7 8 9 10 11 12 13 14 16 19 e
2 3 5 7 8 9 10 11 12 13 14 16 18 19 e
3 4 5 7 8 10 12 13 19 e
3 4 5 7 8 10 12 13 15 19 e
3 4 5 7 8 9 10 13 19 e
