100
3 5 7 8 10 12 14 15 17 18 19 e
3 4 5 7 8 10 12 14 15 17 18 19 e
0 3 5 7 8 10 12 14 15 17 18 19 e
3 5 7 8 10 12 14 15 16 17 18 19 e
1 3 5 7 8 10 12 14 15 17 18 19 e
2 3 5 7 8 10 12 14 15 17 18 19 e
0 3 5 7 8 10 12 13 14 15 17 18 19 e
1 3 5 7 8 10 12 14 15 16 17 18 19 e
3 4 5 6 7 8 10 12 14 15 17 18 19 e
1 3 4 5 7 8 10 12 14 15 17 18 19 e
0 3 5 7 8 10 12 14 15 16 17 18 19 e
0 1 3 5 7 8 10 12 14 15 17 18 19 e
0 3 4 5 7 8 10 12 14 15 17 18 19 e
3 4 5 6 7 8 10 12 14 15 16 17 18 19 e
1 3 4 5 6 7 8 10 12 14 15 17 18 19 e
0 3 5 7 8 10 12 13 14 15 16 17 18 19 e
0 3 4 5 7 8 10 12 14 15 16 17 18 19 e
0 1 3 5 7 8 10 12 14 15 16 17 18 19 e
0 3 4 5 6 7 8 10 12 14 15 17 18 19 e
0 1 3 4 5 7 8 10 12 14 15 17 18 19 e
0 3 4 5 7 8 10 12 13 14 15 17 18 19 e
0 3 5 7 8 9 10 12 13 14 15 17 18 19 e
0 1 3 5 7 8 10 12 13 14 15 17 18 19 e
1 3 4 5 7 8 10 12 14 15 16 17 18 19 e
3 4 5 7 8 10 12 14 15 16 17 18 19 e
0 1 3 4 5 7 8 10 12 13 14 15 17 18 19 e
0 1 3 5 7 8 9 10 12 13 14 15 17 18 19 e
0 3 5 7 8 9 10 12 13 14 15 16 17 18 19 e
0 3 4 5 6 7 8 10 12 13 14 15 17 18 19 e
0 1 3 5 7 8 10 12 13 14 15 16 17 18 19 e
0 3 4 5 7 8 9 10 12 13 14 15 17 18 19 e
0 1 3 4 5 7 8 10 12 14 15 16 17 18 19 e
1 3 4 5 6 7 8 10 12 14 15 16 17 18 19 e
0 3 4 5 6 7 8 10 12 14 15 16 17 18 19 e
0 1 3 4 5 6 7 8 10 12 14 15 17 18 19 e
0 3 4 5 7 8 10 12 13 14 15 16 17 18 19 e
0 1 3 4 5 7 8 10 12 13 14 15 16 17 18 19 e
0 1 3 5 7 8 9 10 12 13 14 15 16 17 18 19 e
0 3 4 5 7 8 9 10 12 13 14 15 16 17 18 19 e
0 1 3 4 5 6 7 8 10 12 13 14 15 17 18 19 e
0 3 4 5 6 7 8 9 10 12 13 14 15 17 18 19 e
0 1 3 4 5 7 8 9 10 12 13 14 15 17 18 19 e
0 1 3 4 5 6 7 8 10 12 14 15 16 17 18 19 e
0 3 4 5 6 7 8 10 12 13 14 15 16 17 18 19 e
3 4 5 7 8 10 14 15 17 18 19 e
3 5 7 8 10 14 15 17 18 19 e
3 5 7 8 10 14 15 16 17 18 19 e
0 3 4 5 7 8 10 14 15 17 18 19 e
0 3 5 7 8 10 14 15 17 18 19 e
1 3 5 7 8 10 14 15 17 18 19 e
1 3 5 7 8 10 14 15 16 17 18 19 e
1 3 4 5 7 8 10 14 15 17 18 19 e
0 3 4 5 7 8 10 13 14 15 17 18 19 e
3 4 5 6 7 8 10 14 15 16 17 18 19 e
1 3 4 5 7 8 10 14 15 16 17 18 19 e
0 1 3 5 7 8 10 14 15 17 18 19 e
0 3 5 7 8 10 14 15 16 17 18 19 e
0 3 5 7 8 10 13 14 15 17 18 19 e
3 4 5 6 7 8 10 14 15 17 18 19 e
3 4 5 7 8 10 14 15 16 17 18 19 e
0 1 3 5 7 8 10 14 15 16 17 18 19 e
0 3 4 5 6 7 8 10 14 15 16 17 18 19 e
0 3 4 5 6 7 8 10 13 14 15 17 18 19 e
0 3 4 5 7 8 10 13 14 15 16 17 18 19 e
1 3 4 5 6 7 8 10 14 15 16 17 18 19 e
1 3 4 5 6 7 8 10 14 15 17 18 19 e
0 1 3 5 7 8 10 13 14 15 17 18 19 e
0 3 5 7 8 9 10 13 14 15 17 18 19 e
0 3 5 7 8 10 13 14 15 16 17 18 19 e
0 1 3 4 5 7 8 10 14 15 17 18 19 e
0 3 4 5 6 7 8 10 14 15 17 18 19 e
0 3 4 5 7 8 10 14 15 16 17 18 19 e
3 5 7 8 10 12 14 15 17 18 e
0 1 3 4 5 6 7 8 10 14 15 17 18 19 e
0 3 5 7 8 9 10 13 14 15 16 17 18 19 e
0 1 3 5 7 8 9 10 13 14 15 17 18 19 e
0 1 3 5 7 8 10 13 14 15 16 17 18 19 e
0 1 3 4 5 7 8 10 14 15 16 17 18 19 e
0 3 4 5 7 8 9 10 13 14 15 17 18 19 e
0 1 3 4 5 7 8 10 13 14 15 17 18 19 e
1 3 5 7 8 10 12 14 15 17 18 e
3 5 7 8 10 12 14 15 16 17 18 e
0 3 5 7 8 10 12 14 15 17 18 e
0 1 3 5 7 8 9 10 13 14 15 16 17 18 19 e
0 1 3 5 7 8 10 12 14 15 17 18 e
0 3 5 7 8 10 12 13 14 15 17 18 e
0 3 5 7 8 10 12 14 15 16 17 18 e
1 3 5 7 8 10 12 14 15 16 17 18 e
0 3 5 7 8 10 12 13 14 15 16 17 18 e
0 1 3 5 7 8 10 12 13 14 15 17 18 e
0 3 5 7 8 9 10 12 13 14 15 17 18 e
0 1 3 5 7 8 10 12 14 15 16 17 18 e
3 5 7 8 10 14 15 17 18 e
1 3 5 7 8 10 14 15 17 18 e
0 3 5 7 8 10 14 15 17 18 e
3 5 7 8 10 14 15 16 17 18 e
0 3 5 7 8 10 14 15 16 17 18 e
1 3 5 7 8 10 14 15 16 17 18 e
0 1 3 5 7 8 10 14 15 17 18 e
0 3 5 7 8 10 13 14 15 17 18 e
