100
2 3 5 9 12 15 18 19 e
2 3 5 9 12 14 15 18 19 e
2 3 5 8 9 12 15 18 19 e
2 3 5 9 12 13 15 18 19 e
2 3 5 9 12 13 14 15 18 19 e
2 3 5 8 9 12 13 15 18 19 e
2 3 5 8 9 12 14 15 18 19 e
2 3 5 9 12 14 15 16 18 19 e
2 3 5 6 7 8 9 12 15 18 19 e
2 3 4 5 9 12 13 15 18 19 e
2 3 5 6 8 9 12 15 18 19 e
2 3 5 8 9 12 14 15 16 18 19 e
2 3 5 8 9 12 13 14 15 18 19 e
2 3 5 6 8 9 12 14 15 18 19 e
2 3 4 5 9 12 13 14 15 18 19 e
2 3 4 5 8 9 12 13 15 18 19 e
2 3 5 6 7 8 9 12 13 15 18 19 e
2 3 4 5 6 8 9 12 13 15 18 19 e
2 3 5 6 8 9 12 13 15 18 19 e
2 3 5 9 10 12 14 15 16 18 19 e
2 3 5 9 12 13 14 15 16 18 19 e
0 2 3 5 6 7 8 9 12 15 18 19 e
2 3 5 9 10 12 13 14 15 16 18 19 e
2 3 5 6 8 9 12 13 14 15 18 19 e
2 3 5 6 7 8 9 12 14 15 18 19 e
0 2 3 5 9 10 12 14 15 16 18 19 e
2 3 5 8 9 10 12 14 15 16 18 19 e
2 3 5 8 9 12 13 14 15 16 18 19 e
2 3 5 6 8 9 12 14 15 16 18 19 e
2 3 4 5 9 12 13 14 15 16 18 19 e
2 3 4 5 8 9 12 13 14 15 18 19 e
2 3 5 12 18 19 e
2 3 5 12 14 18 19 e
2 3 5 12 15 18 19 e
2 3 5 8 12 18 19 e
2 3 12 15 18 19 e
2 3 12 18 19 e
2 3 5 6 8 12 18 19 e
2 3 5 12 14 15 18 19 e
2 3 5 12 14 16 18 19 e
2 3 5 8 12 14 18 19 e
2 3 5 8 12 15 18 19 e
2 3 8 12 15 18 19 e
2 3 12 14 15 18 19 e
2 3 8 12 18 19 e
2 3 12 14 18 19 e
2 3 5 6 8 12 14 18 19 e
2 3 5 6 8 12 15 18 19 e
2 3 5 12 14 15 16 18 19 e
2 3 5 8 12 14 15 18 19 e
2 3 5 8 12 14 16 18 19 e
2 3 5 10 12 14 16 18 19 e
2 3 5 6 7 8 12 18 19 e
2 3 8 12 14 18 19 e
2 3 6 8 12 18 19 e
2 3 12 14 16 18 19 e
0 2 3 5 10 12 14 16 18 19 e
0 2 3 5 6 7 8 12 18 19 e
2 3 5 6 8 12 14 15 18 19 e
2 3 5 6 8 12 14 16 18 19 e
2 3 5 6 7 8 12 14 18 19 e
2 3 5 6 7 8 12 15 18 19 e
2 3 5 8 10 12 14 16 18 19 e
2 3 5 10 12 14 15 16 18 19 e
2 3 5 8 12 14 15 16 18 19 e
2 3 8 12 14 16 18 19 e
2 3 10 12 14 16 18 19 e
2 3 6 7 8 12 18 19 e
2 3 6 8 12 14 18 19 e
0 2 3 5 6 7 8 12 14 18 19 e
0 2 3 5 6 7 8 12 15 18 19 e
2 3 5 6 8 10 12 14 16 18 19 e
0 2 3 5 8 10 12 14 16 18 19 e
2 3 5 6 8 12 14 15 16 18 19 e
0 2 3 5 10 12 14 15 16 18 19 e
2 3 5 8 10 12 14 15 16 18 19 e
2 3 5 6 7 8 12 14 15 18 19 e
2 3 5 6 7 8 12 14 16 18 19 e
2 3 6 8 12 14 16 18 19 e
0 2 3 10 12 14 16 18 19 e
2 3 6 7 8 12 14 18 19 e
2 3 8 10 12 14 16 18 19 e
0 2 3 5 6 7 8 12 14 15 18 19 e
0 2 3 5 6 7 8 12 14 16 18 19 e
2 3 5 6 8 10 12 14 15 16 18 19 e
2 3 5 6 7 8 12 14 15 16 18 19 e
0 2 3 5 6 8 10 12 14 16 18 19 e
2 3 5 6 7 8 10 12 14 16 18 19 e
0 2 3 5 8 10 12 14 15 16 18 19 e
2 3 6 7 8 12 14 16 18 19 e
2 3 6 8 10 12 14 16 18 19 e
0 2 3 8 10 12 14 16 18 19 e
0 2 3 5 6 7 8 10 12 14 16 18 19 e
0 2 3 5 6 8 10 12 14 15 16 18 19 e
0 2 3 5 6 7 8 12 14 15 16 18 19 e
2 3 5 6 7 8 10 12 14 15 16 18 19 e
2 3 6 7 8 10 12 14 16 18 19 e
0 2 3 6 8 10 12 14 16 18 19 e
0 2 3 5 6 7 8 10 12 14 15 16 18 19 e
0 2 3 6 7 8 10 12 14 16 18 19 e
