100
2 4 6 7 8 9 10 11 13 14 15 16 17 18 e
2 6 7 8 9 11 14 16 17 18 e
2 6 7 8 9 10 11 14 15 16 17 18 e
1 2 7 8 9 10 11 14 15 16 17 18 e
2 6 7 8 9 10 11 13 14 15 16 17 18 e
1 2 6 7 8 9 10 11 13 14 15 16 17 18 e
2 5 6 7 8 9 10 11 13 15 16 17 e
2 4 6 7 8 9 10 11 14 15 16 17 e
2 3 6 7 8 9 10 11 15 16 17 18 e
2 7 8 9 14 16 17 18 e
2 6 7 8 9 11 14 16 17 e
2 6 7 8 9 10 11 13 15 16 17 18 e
1 2 6 7 8 9 10 11 13 14 16 17 18 e
1 2 6 7 8 9 10 11 13 15 16 17 e
2 4 6 7 8 9 10 11 13 14 16 17 18 e
2 4 6 7 8 9 10 11 14 15 16 17 18 e
2 5 6 7 8 9 10 11 13 16 17 18 e
1 2 4 6 7 8 9 10 11 13 14 15 16 17 18 e
2 6 7 8 9 10 11 15 16 17 18 e
1 2 4 5 6 7 8 9 10 11 12 13 16 17 18 e
1 2 4 6 7 8 9 10 11 13 15 16 17 18 e
1 2 4 6 7 8 9 10 11 13 14 16 17 18 e
2 7 8 9 10 11 14 15 16 17 18 e
2 6 7 8 9 10 11 16 17 18 e
2 3 6 7 8 10 11 13 14 15 16 17 18 e
2 6 7 8 9 10 11 13 16 17 18 e
2 7 8 9 10 14 15 16 17 18 e
2 3 4 6 7 8 10 11 14 15 16 17 18 e
2 6 7 8 9 10 11 13 14 16 17 e
2 3 7 8 10 11 13 14 15 16 17 18 e
2 5 6 7 8 9 10 11 16 17 e
2 3 7 8 10 11 14 15 16 17 18 e
2 3 6 7 8 9 10 11 13 15 16 17 18 e
2 6 7 8 9 10 11 14 16 17 18 e
1 2 5 6 7 8 9 10 11 12 13 16 17 18 e
2 6 7 8 9 10 11 13 14 16 17 18 e
2 6 7 8 9 10 11 16 17 e
1 2 4 5 6 7 8 9 10 11 13 16 17 18 e
1 2 6 7 8 9 10 11 13 14 16 17 e
1 2 6 7 8 9 10 11 13 15 16 17 18 e
2 4 6 7 8 9 10 11 13 14 16 17 e
1 2 5 6 7 8 9 10 11 13 16 17 18 e
1 2 6 7 8 9 10 11 13 16 17 e
2 3 7 8 11 14 16 17 18 e
1 2 4 6 7 8 9 10 11 13 16 17 18 e
1 2 4 6 7 8 9 10 11 13 15 16 17 e
2 4 6 7 8 9 10 11 13 14 15 16 17 e
2 5 6 7 8 9 10 11 13 16 17 e
1 2 6 7 8 9 10 11 13 16 17 18 e
2 6 7 8 9 11 16 17 18 e
2 3 6 7 8 10 11 13 16 17 18 e
2 6 7 8 9 10 11 14 15 16 17 e
1 2 5 6 7 8 9 10 11 13 16 17 e
2 7 8 9 11 14 16 17 18 e
2 7 8 9 10 11 15 16 17 18 e
2 7 8 9 10 11 13 15 16 17 18 e
1 2 5 6 7 8 9 10 11 12 13 16 17 e
1 2 6 7 8 9 10 11 13 14 15 16 17 e
2 7 8 9 11 16 17 18 e
2 7 8 9 10 11 13 14 15 16 17 18 e
2 7 8 9 16 17 18 e
1 2 4 6 7 8 9 10 13 15 16 17 e
1 2 4 5 6 7 8 9 10 11 13 16 17 e
2 3 6 7 8 10 11 14 15 16 17 18 e
1 2 3 6 7 8 10 11 14 15 16 17 18 e
2 7 8 9 10 11 13 14 16 17 18 e
2 6 7 8 9 10 11 15 16 17 e
1 2 4 6 7 8 9 10 11 13 16 17 e
1 2 3 6 7 8 10 11 13 16 17 18 e
1 2 3 7 8 10 11 14 15 16 17 18 e
1 2 3 6 7 8 10 11 13 15 16 17 18 e
2 3 6 7 8 10 11 13 15 16 17 18 e
1 2 3 6 7 8 10 11 15 16 17 18 e
1 2 4 5 6 7 8 9 10 11 12 13 16 17 e
2 5 6 7 8 9 10 11 15 16 17 e
2 6 7 8 9 10 11 13 15 16 17 e
1 2 6 7 8 9 10 13 15 16 17 e
2 7 8 9 10 11 13 16 17 18 e
2 6 7 8 9 10 11 13 16 17 e
2 6 7 8 9 11 16 17 e
2 4 6 7 8 9 10 11 13 15 16 18 e
2 6 7 8 9 10 11 13 14 15 16 17 e
2 6 7 8 9 10 11 15 16 18 e
2 3 6 7 8 10 11 13 15 16 17 e
2 3 6 7 8 10 11 15 16 17 18 e
2 6 7 8 9 10 11 13 15 16 18 e
2 7 8 9 10 11 13 14 15 16 17 e
2 7 8 9 10 11 14 15 16 17 e
1 2 6 7 8 9 10 13 16 17 e
1 2 7 8 9 10 11 14 15 16 17 e
1 2 3 6 7 8 10 11 15 16 17 e
6 7 8 9 10 11 13 15 16 17 e
2 3 6 7 8 10 11 15 16 17 e
6 7 8 9 10 11 13 16 17 e
2 7 8 14 16 17 18 e
6 7 8 9 10 11 15 16 17 e
2 7 8 10 11 13 14 15 16 17 18 e
2 7 8 10 11 14 15 16 17 18 e
2 7 8 11 14 16 17 18 e
2 7 8 10 11 13 14 16 17 18 e
