100
0 1 2 3 6 8 10 11 12 14 15 16 17 18 e
1 3 5 6 8 10 11 14 15 16 17 e
0 1 2 3 4 5 6 8 9 10 11 12 13 14 15 16 17 18 e
0 1 2 3 5 6 8 9 10 11 12 13 14 15 16 17 18 e
0 1 2 3 5 6 8 10 11 12 14 15 16 17 18 e
0 1 2 3 5 6 7 8 9 10 11 12 13 14 15 16 17 18 e
0 1 3 5 6 8 10 11 14 15 16 17 18 e
0 1 2 3 5 6 8 9 10 11 12 13 14 15 16 17 18 19 e
0 1 2 3 5 6 8 9 10 11 13 14 15 16 17 18 e
0 1 2 3 5 6 8 9 10 11 12 14 15 16 17 18 e
0 1 3 5 6 8 9 10 11 13 14 15 16 17 e
0 1 3 5 6 7 8 9 10 11 13 14 15 16 17 18 e
0 1 2 3 4 6 8 10 11 12 14 15 16 17 18 e
1 3 5 6 7 8 9 10 11 13 14 15 16 17 e
0 1 2 3 4 5 6 8 9 10 11 12 13 14 15 16 17 18 19 e
0 1 2 3 5 6 7 8 9 10 11 12 13 14 15 16 17 18 19 e
0 1 3 5 6 7 8 9 10 11 13 14 15 16 17 e
0 1 2 4 5 6 8 9 10 11 12 13 14 15 16 18 e
1 4 5 6 8 9 10 11 13 14 15 16 e
0 1 3 4 5 6 8 10 11 13 14 15 16 17 19 e
0 1 2 3 5 6 8 9 10 11 13 14 15 16 17 18 19 e
0 1 3 5 6 8 9 10 11 13 14 15 16 17 18 e
1 3 5 6 8 9 10 11 13 14 15 16 17 19 e
0 1 3 4 5 6 8 10 11 14 15 16 17 18 19 e
1 3 5 6 8 9 10 11 14 15 16 17 e
0 1 2 3 5 6 8 10 11 12 14 15 16 17 18 19 e
0 1 2 3 4 5 6 8 10 11 12 13 14 15 16 17 18 19 e
0 1 3 5 6 8 9 10 11 14 15 16 17 e
0 1 2 3 5 6 8 10 11 14 15 16 17 18 19 e
0 1 3 5 6 8 10 11 14 15 16 17 19 e
0 1 4 5 6 8 9 10 11 13 14 15 16 18 e
0 1 2 3 4 5 6 7 8 9 10 11 12 13 14 15 16 17 18 e
1 3 4 5 6 8 9 10 11 13 14 15 16 17 e
1 3 5 6 8 9 10 11 13 14 15 16 17 e
0 1 2 3 4 5 6 7 8 10 11 12 13 14 15 16 17 18 19 e
0 1 2 3 5 6 8 9 10 11 14 15 16 17 18 19 e
1 3 5 6 8 10 11 14 15 16 17 19 e
0 1 3 4 5 6 7 8 9 10 11 13 14 15 16 17 18 e
0 1 3 5 6 7 8 9 10 11 13 14 15 16 17 18 19 e
0 1 2 3 4 5 6 8 9 10 11 13 14 15 16 17 18 e
1 3 4 5 6 8 9 10 11 14 15 16 17 e
0 1 3 4 5 6 8 10 11 14 15 16 17 19 e
0 1 3 5 6 8 10 11 14 15 16 17 e
0 1 3 4 5 6 7 8 9 10 11 13 14 15 16 17 e
0 1 3 4 5 6 7 8 10 11 13 14 15 16 17 18 19 e
1 3 4 5 6 7 8 9 10 11 13 14 15 16 17 e
0 1 3 5 6 8 10 11 14 15 16 17 18 19 e
0 1 3 5 6 8 9 10 11 13 14 15 16 17 19 e
0 1 3 4 5 6 8 9 10 11 14 15 16 17 e
0 1 3 5 6 8 9 10 11 14 15 16 17 19 e
0 1 3 4 5 6 8 10 11 13 14 15 16 17 18 19 e
1 3 4 5 6 8 9 10 11 13 14 15 16 17 19 e
0 1 3 5 6 8 9 10 11 13 14 15 16 17 18 19 e
0 1 2 3 4 5 6 8 10 11 13 14 15 16 17 18 19 e
0 1 3 4 5 6 7 8 10 11 13 14 15 16 17 19 e
0 1 4 5 6 8 9 10 11 13 14 15 16 e
0 1 2 3 4 5 6 8 9 10 11 13 14 15 16 17 18 19 e
0 1 3 4 5 6 8 9 10 11 13 14 15 16 17 e
0 1 3 5 6 7 8 9 10 11 13 14 15 16 17 19 e
0 1 2 3 4 5 6 8 9 10 11 12 14 15 16 17 18 e
0 1 2 3 4 5 6 8 10 11 12 14 15 16 17 18 e
0 1 2 3 5 6 8 10 11 14 15 16 17 18 e
0 1 4 5 6 8 9 10 11 14 15 16 e
0 1 2 3 4 5 6 8 10 11 14 15 16 17 18 e
0 1 2 3 4 5 6 8 9 10 11 14 15 16 17 18 e
0 1 3 4 5 6 8 9 10 11 14 15 16 17 18 e
0 1 2 3 5 6 8 9 10 11 14 15 16 17 18 e
0 1 3 4 5 6 8 9 10 11 14 15 16 17 19 e
0 1 3 4 5 6 8 9 10 11 13 14 15 16 17 18 e
0 1 3 5 6 8 9 10 11 14 15 16 17 18 e
0 1 3 4 5 6 8 9 10 11 14 15 16 17 18 19 e
0 1 3 4 5 6 8 10 11 14 15 16 17 18 e
0 1 3 4 5 6 8 9 10 11 13 14 15 16 17 18 19 e
1 3 5 6 7 8 9 10 11 13 14 15 16 17 19 e
0 1 3 4 5 6 7 8 9 10 11 13 14 15 16 17 18 19 e
0 1 3 4 5 6 8 9 10 11 13 14 15 16 17 19 e
0 1 2 3 4 5 6 8 10 11 14 15 16 17 18 19 e
0 1 4 5 6 8 9 10 11 14 15 16 18 e
1 3 4 5 6 8 10 11 14 15 16 17 e
0 1 3 4 5 6 7 8 9 10 11 13 14 15 16 17 19 e
1 5 6 8 9 10 11 13 14 15 16 e
0 1 3 4 5 6 8 10 11 14 15 16 17 e
0 1 3 5 6 8 9 10 11 14 15 16 17 18 19 e
0 1 2 3 4 5 6 8 9 10 11 14 15 16 17 18 19 e
1 3 4 5 6 7 8 9 10 11 13 14 15 16 17 19 e
1 3 5 6 8 9 10 11 14 15 16 17 19 e
1 3 4 5 6 8 9 10 11 14 15 16 17 19 e
0 1 3 6 8 10 11 14 15 16 17 e
1 4 5 6 8 9 10 11 14 15 16 e
0 1 3 4 6 8 10 11 14 15 16 17 e
1 3 4 5 6 8 10 11 14 15 16 17 19 e
1 3 6 8 10 11 14 15 16 17 e
1 5 6 8 9 10 11 14 15 16 e
1 3 6 8 10 11 14 15 16 17 19 e
1 3 4 6 8 10 11 13 14 15 16 17 19 e
0 1 3 6 8 10 11 14 15 16 17 19 e
1 3 4 6 8 10 11 14 15 16 17 e
1 3 4 6 8 10 11 14 15 16 17 19 e
1 3 4 6 7 8 10 11 13 14 15 16 17 19 e
0 1 3 4 6 7 8 10 11 13 14 15 16 17 19 e
