100
0 1 3 4 7 8 9 11 13 14 15 16 17 18 19 e
0 1 3 7 8 9 11 13 14 16 17 18 19 e
0 1 3 7 8 9 11 13 14 15 16 17 18 19 e
0 2 3 8 9 11 13 14 16 17 18 19 e
0 2 3 8 9 10 11 13 14 16 17 18 19 e
0 2 3 8 9 11 13 14 15 16 17 18 19 e
0 2 3 8 9 10 11 13 14 15 16 17 18 19 e
0 3 7 8 9 11 13 14 16 17 18 19 e
0 2 3 8 9 13 16 17 18 19 e
0 1 3 4 7 9 11 13 15 16 17 18 19 e
0 1 3 7 9 11 13 14 16 17 19 e
0 2 3 8 9 10 13 16 17 18 19 e
0 3 4 7 8 9 11 13 14 15 16 17 18 19 e
0 3 8 9 11 12 13 14 15 16 17 18 e
0 1 3 4 7 9 11 13 14 15 16 17 19 e
0 3 4 8 9 11 13 14 15 16 17 18 19 e
0 3 7 8 9 11 13 14 15 16 17 18 19 e
2 3 7 8 9 11 13 14 16 17 18 19 e
0 3 8 9 11 13 14 16 17 18 19 e
0 3 8 9 11 13 14 15 16 17 18 19 e
0 1 3 7 9 11 12 13 14 15 16 17 e
2 3 7 8 9 11 13 14 15 16 17 18 19 e
0 3 8 9 11 12 13 14 16 17 18 e
0 1 3 7 9 11 13 14 15 16 17 19 e
0 3 7 9 11 13 14 15 16 17 19 e
0 3 7 9 11 13 14 16 17 19 e
2 3 7 8 9 13 16 17 18 19 e
3 7 8 9 11 13 15 16 17 18 19 e
0 3 7 8 9 10 13 16 17 18 19 e
0 1 3 4 7 8 9 11 13 14 15 17 18 19 e
0 1 3 7 9 13 14 16 17 19 e
0 3 7 8 9 13 16 17 18 19 e
0 8 9 11 13 14 15 16 17 18 19 e
1 3 7 8 9 13 16 17 18 19 e
0 3 9 11 12 13 14 16 17 e
0 3 9 11 12 13 14 15 16 17 e
0 3 6 9 11 12 13 14 16 17 e
0 2 3 8 9 11 13 14 15 17 18 19 e
0 7 9 11 13 14 15 16 17 19 e
0 1 7 9 11 13 14 15 16 17 19 e
0 2 3 8 9 10 11 13 14 15 17 18 19 e
0 3 8 9 11 13 14 15 17 18 19 e
0 1 3 7 8 9 11 13 14 15 17 18 19 e
0 2 3 6 9 11 13 15 17 18 19 e
0 3 4 8 9 11 13 15 16 17 18 19 e
0 3 7 8 9 11 13 14 15 17 18 19 e
0 1 3 4 7 9 11 13 15 17 18 19 e
0 3 6 9 11 12 13 14 15 16 17 e
0 3 8 9 13 16 17 18 19 e
0 1 3 7 9 11 13 14 15 17 19 e
0 1 3 7 8 9 11 13 14 17 18 19 e
0 1 3 4 7 9 11 13 14 15 17 19 e
3 4 7 8 9 11 13 15 16 17 18 19 e
0 3 4 7 8 9 11 13 14 15 17 18 19 e
0 9 11 13 14 16 17 18 19 e
0 9 11 13 14 15 16 17 18 19 e
0 3 8 9 11 12 13 14 15 17 18 e
0 3 4 8 9 11 13 14 15 17 18 19 e
0 2 3 4 6 9 11 13 15 17 18 19 e
2 3 7 8 9 11 13 14 15 17 18 19 e
3 4 7 8 9 11 13 15 17 18 19 e
0 3 4 9 11 12 13 14 15 16 17 e
0 3 7 9 11 13 14 15 17 19 e
3 7 8 9 13 16 17 18 19 e
0 2 3 8 9 13 17 18 19 e
0 2 3 9 11 13 15 17 18 e
0 3 8 9 10 13 16 17 18 19 e
0 1 3 7 9 11 13 14 17 19 e
0 3 8 9 13 14 16 17 18 19 e
0 3 7 8 9 11 13 14 17 18 19 e
0 2 3 8 9 10 13 17 18 19 e
0 3 7 8 9 13 14 17 18 19 e
0 2 3 8 11 13 16 17 18 19 e
0 1 3 7 9 11 12 13 14 15 17 e
0 3 4 8 11 13 16 17 18 19 e
0 3 4 8 9 10 11 13 15 17 18 19 e
0 3 8 9 11 13 14 17 18 19 e
0 3 9 11 12 13 14 15 17 e
0 3 4 8 9 11 13 15 17 18 19 e
0 1 3 7 9 13 14 17 19 e
2 3 7 8 9 13 17 18 19 e
0 3 7 8 9 10 13 17 18 19 e
0 9 11 13 14 15 17 18 19 e
0 3 5 7 8 9 10 13 17 18 19 e
0 1 3 7 8 9 13 17 18 19 e
0 7 9 11 13 14 15 17 19 e
0 2 3 6 9 11 13 17 18 19 e
1 3 7 8 9 13 17 18 19 e
0 3 8 9 13 14 17 18 19 e
0 3 7 8 9 13 17 18 19 e
0 3 9 12 13 14 16 17 e
0 3 4 9 11 12 13 14 15 17 e
0 3 6 9 11 12 13 14 15 17 e
0 3 9 11 12 13 14 17 e
3 7 8 9 11 13 15 17 18 19 e
0 3 8 9 13 17 18 19 e
3 7 8 9 13 17 18 19 e
3 6 7 8 9 13 17 18 19 e
0 3 8 9 10 13 17 18 19 e
0 3 9 12 13 14 17 e
