100
1 2 3 5 7 8 10 11 12 13 14 15 16 17 18 19 e
1 2 3 5 7 8 10 11 12 13 14 16 17 19 e
1 2 3 5 7 8 10 11 12 13 14 15 17 19 e
1 3 5 7 8 10 11 12 13 14 15 17 18 19 e
1 3 5 6 7 8 10 11 12 13 14 17 19 e
1 2 3 5 7 8 10 11 12 13 14 15 16 17 19 e
1 2 3 5 7 8 10 11 12 13 14 17 19 e
1 2 3 5 7 8 10 11 13 14 16 17 18 19 e
0 1 3 5 7 8 10 11 12 13 14 15 17 19 e
1 2 3 5 7 8 10 11 13 14 15 16 17 19 e
0 1 2 3 5 7 8 10 11 13 14 15 16 17 19 e
1 3 5 7 8 10 11 12 13 14 17 18 19 e
0 1 2 3 5 7 8 10 11 12 13 14 15 16 17 19 e
1 3 5 7 8 10 11 12 13 14 15 17 19 e
1 3 5 6 7 8 10 11 12 13 14 15 17 19 e
1 2 3 5 7 8 10 11 13 14 15 16 17 18 19 e
1 2 3 5 8 10 11 12 13 14 15 16 17 18 19 e
1 2 3 6 7 8 10 11 12 13 14 15 17 18 19 e
1 2 3 7 8 10 11 12 13 14 17 18 19 e
1 3 6 7 8 10 11 12 13 14 17 18 19 e
1 2 3 5 6 7 8 10 11 12 13 14 17 19 e
1 2 3 5 7 8 9 10 11 13 14 16 17 19 e
1 2 3 5 8 10 11 12 13 14 17 19 e
1 2 3 5 8 10 11 12 13 14 15 17 19 e
1 2 3 5 6 8 10 11 12 13 14 15 17 19 e
0 1 2 3 5 8 10 11 12 13 14 15 16 17 19 e
1 2 3 5 7 8 11 12 13 14 15 17 19 e
1 2 3 5 7 8 10 11 12 13 14 16 17 18 19 e
1 2 3 5 6 7 8 11 12 13 14 15 17 19 e
1 2 3 5 6 7 8 10 11 12 13 14 15 17 19 e
1 2 3 6 8 10 11 12 13 14 15 17 18 19 e
1 3 5 6 8 10 11 12 13 14 15 17 19 e
0 1 3 5 8 10 11 12 13 14 15 17 19 e
1 2 3 5 7 8 10 11 13 14 17 19 e
1 3 5 8 10 11 12 13 14 15 17 18 19 e
1 3 5 7 8 10 11 12 13 14 17 19 e
1 2 3 5 8 10 11 12 13 14 16 17 19 e
1 2 3 5 8 10 11 12 13 14 15 16 17 19 e
1 2 3 5 8 10 11 12 13 14 16 17 18 19 e
1 2 3 7 8 10 11 12 13 14 15 16 17 18 19 e
0 1 3 5 8 10 11 12 13 14 15 17 18 19 e
1 2 3 7 8 10 11 13 14 15 16 17 18 19 e
1 3 5 8 10 11 12 13 14 17 19 e
1 2 3 6 7 8 10 11 12 13 14 17 18 19 e
1 2 3 5 7 8 10 11 13 14 16 17 19 e
1 2 3 5 6 7 8 11 12 13 14 17 19 e
1 3 5 8 10 11 12 13 14 15 17 19 e
1 2 3 5 8 10 11 13 14 15 16 17 18 19 e
0 1 2 3 5 8 10 11 13 14 15 16 17 19 e
1 2 3 5 7 8 11 12 13 14 17 19 e
1 2 3 5 8 10 11 13 14 16 17 19 e
1 3 4 5 7 8 10 11 12 13 14 17 19 e
1 2 3 4 7 8 10 11 13 14 16 17 18 19 e
1 2 3 5 8 9 10 11 13 14 16 17 19 e
1 2 3 5 8 10 11 13 14 15 16 17 19 e
1 2 3 4 5 7 8 10 11 13 15 19 e
1 2 3 5 6 8 10 11 12 13 14 17 19 e
0 1 2 3 7 8 10 11 12 13 14 15 16 17 18 19 e
1 2 3 7 8 10 11 12 13 14 16 17 18 19 e
1 2 3 7 8 10 11 13 14 16 17 18 19 e
1 3 5 8 10 11 12 13 14 17 18 19 e
1 3 7 8 10 11 12 13 14 15 17 18 19 e
1 2 3 8 10 11 13 14 15 16 17 18 19 e
1 2 3 4 5 7 8 10 11 13 15 16 18 19 e
1 3 5 6 8 10 11 12 13 14 17 19 e
1 3 7 8 10 11 12 13 14 15 17 19 e
0 1 3 8 10 11 12 13 14 15 17 18 19 e
1 3 4 8 10 11 12 13 14 15 17 18 19 e
1 3 5 7 8 9 10 11 12 13 14 17 19 e
1 3 5 7 8 10 11 13 14 17 19 e
1 3 4 5 7 8 10 11 12 13 14 15 17 19 e
1 2 3 7 8 9 10 11 13 14 16 17 18 19 e
1 3 7 8 10 11 12 13 14 17 18 19 e
0 1 3 7 8 10 11 12 13 14 15 17 18 19 e
1 2 3 8 10 11 12 13 14 16 17 18 19 e
1 2 3 5 8 10 11 13 14 16 17 18 19 e
1 2 3 5 8 10 11 13 14 17 19 e
1 2 3 6 8 10 11 12 13 14 17 18 19 e
0 1 2 3 8 10 11 13 14 15 16 17 18 19 e
1 3 8 10 11 12 13 14 15 17 18 19 e
1 3 5 6 7 8 10 12 13 14 19 e
0 1 2 3 7 8 10 11 13 14 15 16 17 18 19 e
1 2 3 8 9 10 11 13 14 16 17 18 19 e
1 3 7 8 10 11 12 13 14 17 19 e
0 1 2 3 8 10 11 12 13 14 15 16 17 18 19 e
1 3 8 9 10 11 12 13 14 17 18 19 e
1 2 3 4 7 8 10 11 13 15 16 18 19 e
1 2 3 4 5 7 8 10 11 13 14 16 17 19 e
1 3 8 10 11 12 13 14 17 18 19 e
0 1 3 4 5 7 10 11 12 13 14 15 17 19 e
0 1 3 4 10 11 12 13 14 15 17 18 19 e
1 2 3 8 10 11 13 14 16 17 18 19 e
1 3 8 10 11 12 13 14 17 19 e
1 2 3 7 8 10 11 13 14 16 17 19 e
1 2 3 8 10 11 12 13 14 15 16 17 18 19 e
1 3 5 8 10 11 13 14 17 19 e
1 3 8 10 11 12 13 14 15 17 19 e
1 3 4 8 10 11 12 13 14 17 18 19 e
1 2 3 8 10 11 13 14 16 17 19 e
1 3 8 10 11 13 14 17 18 19 e
