100
0 4 7 8 e
0 4 6 8 e
0 4 5 8 e
0 4 8 9 e
0 3 4 8 e
0 2 4 8 e
0 1 4 8 e
0 1 2 4 8 e
0 1 4 7 8 e
0 1 4 6 8 e
0 1 4 5 8 e
0 1 4 8 9 e
0 1 3 4 8 e
0 2 4 7 8 e
0 2 4 6 8 e
0 2 4 5 8 e
0 2 4 8 9 e
0 2 3 4 8 e
0 4 7 8 9 e
0 4 6 7 8 e
0 4 5 7 8 e
0 4 5 6 8 e
0 4 6 8 9 e
0 4 5 8 9 e
0 3 4 7 8 e
0 3 4 6 8 e
0 3 4 5 8 e
0 3 4 8 9 e
0 4 8 e
0 2 4 7 8 9 e
0 2 4 6 7 8 e
0 2 4 5 7 8 e
0 2 4 5 6 8 e
0 2 4 6 8 9 e
0 2 4 5 8 9 e
0 2 3 4 7 8 e
0 2 3 4 6 8 e
0 2 3 4 5 8 e
0 2 3 4 8 9 e
0 4 6 7 8 9 e
0 4 5 7 8 9 e
0 4 5 6 7 8 e
0 4 5 6 8 9 e
0 3 4 7 8 9 e
0 3 4 6 7 8 e
0 3 4 5 7 8 e
0 3 4 5 6 8 e
0 3 4 6 8 9 e
0 3 4 5 8 9 e
0 1 2 4 7 8 e
0 1 2 4 6 8 e
0 1 2 4 5 8 e
0 1 2 4 8 9 e
0 1 2 3 4 8 e
0 1 4 7 8 9 e
0 1 4 6 7 8 e
0 1 4 5 7 8 e
0 1 4 5 6 8 e
0 1 4 6 8 9 e
0 1 4 5 8 9 e
0 1 3 4 7 8 e
0 1 3 4 6 8 e
0 1 3 4 5 8 e
0 1 3 4 8 9 e
0 1 4 6 7 8 9 e
0 1 4 5 7 8 9 e
0 1 4 5 6 7 8 e
0 1 4 5 6 8 9 e
0 1 3 4 7 8 9 e
0 1 3 4 6 7 8 e
0 1 3 4 5 7 8 e
0 1 3 4 5 6 8 e
0 1 3 4 6 8 9 e
0 1 3 4 5 8 9 e
0 2 4 6 7 8 9 e
0 2 4 5 7 8 9 e
0 2 4 5 6 7 8 e
0 2 4 5 6 8 9 e
0 2 3 4 7 8 9 e
0 2 3 4 6 7 8 e
0 2 3 4 5 7 8 e
0 2 3 4 5 6 8 e
0 2 3 4 6 8 9 e
0 2 3 4 5 8 9 e
0 4 5 6 7 8 9 e
0 3 4 6 7 8 9 e
0 3 4 5 7 8 9 e
0 3 4 5 6 7 8 e
0 3 4 5 6 8 9 e
0 1 2 4 7 8 9 e
0 1 2 4 6 7 8 e
0 1 2 4 5 7 8 e
0 1 2 4 5 6 8 e
0 1 2 4 6 8 9 e
0 1 2 4 5 8 9 e
0 1 2 3 4 7 8 e
0 1 2 3 4 6 8 e
0 1 2 3 4 5 8 e
0 1 2 3 4 8 9 e
0 1 2 3 4 7 8 9 e
