100
1 2 3 5 6 7 8 9 10 12 13 14 15 16 17 18 19 e
1 2 3 5 6 7 8 9 10 11 12 13 14 15 16 17 18 19 e
1 2 3 6 7 8 9 10 11 12 13 14 15 16 17 18 19 e
1 2 3 4 5 7 8 9 10 12 13 14 15 16 17 18 e
1 2 3 4 6 7 8 9 10 12 13 14 15 16 17 18 19 e
1 2 4 5 6 7 8 9 10 13 14 15 16 17 19 e
1 2 3 4 5 7 8 9 10 11 12 13 14 15 16 17 18 e
1 2 3 4 7 8 9 10 12 13 14 15 16 17 18 19 e
1 2 3 5 7 8 9 10 12 13 14 15 16 17 18 19 e
1 2 3 6 7 8 9 10 12 13 14 15 16 17 18 19 e
1 2 5 6 7 8 9 10 13 14 15 16 17 19 e
1 2 3 4 5 8 9 10 12 13 14 15 16 17 18 e
1 2 5 7 8 9 10 13 14 15 16 17 19 e
1 3 6 7 8 9 10 12 13 14 15 16 17 18 19 e
1 2 4 5 6 7 8 9 10 13 14 15 16 17 e
1 2 3 7 8 9 10 11 12 13 14 15 16 17 18 19 e
1 2 3 7 8 9 10 12 13 14 15 16 17 18 19 e
1 2 3 5 6 7 9 10 12 13 14 15 16 17 18 19 e
1 3 7 8 9 10 12 13 14 15 16 17 18 19 e
1 2 5 6 7 8 9 10 11 13 14 15 16 17 19 e
1 2 6 7 8 9 10 11 13 14 15 16 17 19 e
1 2 3 4 7 8 9 10 12 13 14 15 17 18 19 e
1 2 4 6 7 8 9 10 13 14 15 16 17 19 e
1 2 3 5 7 9 10 12 13 14 15 16 17 18 19 e
1 2 3 5 7 8 9 12 13 14 15 16 17 18 19 e
1 2 4 6 8 9 10 13 14 15 16 17 19 e
1 2 3 4 5 6 7 8 9 10 12 13 14 15 16 17 18 e
1 2 7 8 9 10 11 13 14 15 16 17 19 e
1 2 3 4 5 7 8 9 12 13 14 15 16 17 18 e
1 2 3 4 5 6 8 9 10 12 13 14 15 16 17 18 e
1 2 6 7 8 9 10 13 14 15 16 17 19 e
1 2 3 5 6 7 8 9 10 12 13 14 15 16 17 18 e
1 2 3 7 8 9 12 13 14 15 16 17 18 19 e
1 6 7 8 9 10 13 14 15 16 17 19 e
1 6 7 8 9 10 11 13 14 15 16 17 19 e
1 2 7 8 9 10 13 14 15 16 17 19 e
1 2 4 5 7 8 9 10 13 14 16 17 19 e
1 2 3 6 7 9 10 12 13 14 15 16 17 18 19 e
1 2 4 5 7 8 9 13 14 15 16 17 19 e
1 2 3 5 7 8 9 10 12 13 14 15 16 17 18 e
1 2 5 7 8 9 13 14 15 16 17 19 e
1 7 8 9 10 13 14 15 16 17 19 e
1 2 7 8 9 10 11 13 14 16 17 19 e
1 2 6 7 8 9 13 14 15 16 17 19 e
1 3 4 7 8 9 10 12 13 15 16 17 18 19 e
1 2 4 5 7 8 9 10 13 14 16 17 e
1 2 3 7 8 9 13 14 15 16 17 19 e
1 2 5 7 8 9 10 13 14 16 17 19 e
1 3 6 7 8 9 10 11 12 13 15 16 17 18 19 e
1 3 7 8 9 10 11 12 13 15 16 17 18 19 e
1 2 5 6 7 8 9 11 13 14 15 16 17 19 e
1 3 6 7 8 9 10 12 13 15 16 17 18 19 e
1 2 5 7 8 9 10 11 13 14 16 17 19 e
1 2 3 7 9 10 12 13 14 15 16 17 18 19 e
1 2 4 7 8 9 10 11 13 14 16 17 19 e
1 2 3 5 7 8 9 12 13 14 15 16 17 18 e
1 2 4 5 6 7 8 9 13 14 15 16 17 19 e
1 3 4 7 8 9 10 12 13 15 16 17 18 e
1 2 3 4 5 7 8 9 10 12 13 14 15 17 18 e
1 2 4 7 8 9 10 13 14 16 17 19 e
1 4 6 7 8 9 10 13 15 16 17 19 e
1 2 4 5 7 8 9 13 14 15 16 17 e
1 2 4 6 7 8 9 13 14 15 16 17 19 e
1 4 7 8 9 10 13 14 16 17 19 e
1 2 7 8 9 13 14 15 16 17 19 e
1 2 7 8 9 10 13 14 16 17 19 e
1 2 7 8 9 11 13 14 15 16 17 19 e
1 2 4 6 8 9 13 14 15 16 17 19 e
1 2 4 5 6 7 8 9 13 14 15 16 17 e
1 3 7 8 9 12 13 15 16 17 18 19 e
1 2 5 6 7 8 9 13 14 15 16 17 19 e
1 3 7 8 9 10 12 13 15 16 17 18 19 e
1 6 7 8 9 10 13 15 16 17 19 e
2 5 7 8 9 10 13 14 16 17 19 e
1 6 7 8 9 10 11 13 15 16 17 19 e
1 7 8 9 10 13 14 16 17 19 e
1 2 4 7 8 9 13 14 15 16 17 19 e
1 2 4 5 7 8 9 10 13 14 17 19 e
1 7 8 9 13 14 15 16 17 19 e
1 4 7 8 9 10 13 14 17 19 e
1 2 6 7 8 9 11 13 14 15 16 17 19 e
1 7 8 9 10 13 15 16 17 19 e
1 2 4 7 8 9 13 14 15 17 19 e
1 4 7 8 9 10 13 16 17 19 e
2 7 8 9 10 13 14 16 17 19 e
1 6 7 8 9 13 14 15 16 17 19 e
1 4 6 7 8 9 13 15 16 17 19 e
1 6 7 8 9 11 13 14 15 16 17 19 e
1 2 4 7 8 9 10 13 14 17 19 e
1 6 7 8 9 13 15 16 17 19 e
1 7 8 9 10 11 13 16 17 19 e
1 7 8 9 11 13 15 16 17 19 e
1 7 8 9 13 15 16 17 19 e
1 7 8 9 10 13 16 17 19 e
1 6 7 8 9 11 13 15 16 17 19 e
1 4 7 8 9 13 15 16 17 19 e
1 4 6 8 9 13 15 16 17 19 e
1 4 7 8 9 10 13 17 19 e
7 8 9 10 13 16 17 19 e
1 4 7 8 9 13 15 17 19 e
