100
0 1 2 3 4 7 9 10 11 12 13 15 e
0 1 2 3 4 7 9 11 13 15 e
0 1 2 3 4 6 7 9 10 11 13 15 e
0 1 3 4 6 7 9 11 12 13 15 e
0 1 2 3 4 7 9 10 11 13 15 18 e
0 1 3 4 7 9 11 13 15 e
0 1 2 3 4 6 7 9 10 11 13 15 18 e
0 1 3 4 7 9 11 13 15 18 e
0 1 3 4 6 7 9 11 13 15 e
0 1 2 3 4 7 9 11 13 15 18 e
0 1 2 3 4 5 7 9 10 12 13 e
0 1 2 3 4 7 9 10 11 13 15 e
0 1 3 4 7 9 11 12 13 15 e
0 1 3 4 7 9 11 13 15 18 19 e
0 1 3 4 6 7 9 11 13 15 18 e
0 1 2 3 4 5 7 9 10 12 13 18 e
0 1 2 3 4 5 6 7 9 10 12 13 e
0 1 3 4 7 9 11 12 13 15 18 e
0 1 2 3 4 5 6 7 9 10 11 12 13 e
0 1 2 3 4 5 7 9 10 11 12 13 e
0 1 2 3 4 5 7 9 10 11 12 13 18 e
0 1 2 3 4 5 7 9 10 13 e
0 1 3 4 5 7 9 11 13 e
0 1 3 4 7 9 12 13 14 e
0 1 2 3 4 7 9 12 13 e
0 1 2 3 4 5 7 9 10 11 13 e
0 1 3 4 7 9 13 14 e
0 1 2 3 4 5 7 9 10 13 18 19 e
0 1 3 4 7 9 11 12 13 14 e
0 1 2 3 4 7 9 12 13 18 e
0 1 3 4 7 9 12 13 14 16 e
0 1 3 4 7 9 12 13 14 18 e
0 1 3 4 6 7 9 12 13 14 e
0 1 3 4 7 9 11 13 14 e
0 1 2 3 4 5 7 9 10 11 13 18 e
0 1 2 3 4 5 6 7 9 10 11 13 e
0 1 3 4 6 7 9 13 14 e
0 1 3 4 7 9 13 14 16 e
0 1 3 4 7 9 13 14 18 e
0 1 3 4 7 9 11 12 13 14 18 e
0 1 2 3 4 7 9 11 12 13 e
0 1 3 4 7 9 11 13 14 16 e
0 1 2 3 4 7 9 12 13 18 19 e
0 1 2 3 4 5 6 7 9 10 13 e
0 1 2 3 4 7 9 13 e
0 1 2 3 4 5 7 9 10 13 18 e
0 1 3 4 7 9 11 13 14 18 e
0 1 3 4 7 9 13 14 16 18 e
0 1 3 4 6 7 9 11 13 14 e
0 1 2 3 4 7 9 11 12 13 18 e
0 1 2 3 4 7 9 11 13 e
0 1 3 4 7 9 11 13 14 18 19 e
0 1 3 4 7 9 11 12 13 14 16 e
0 1 2 3 4 6 7 9 10 12 13 e
0 1 3 4 6 7 9 11 13 14 18 e
0 1 2 3 4 5 6 7 9 10 13 18 e
0 1 3 4 7 9 11 13 14 16 18 e
0 1 2 3 4 5 7 9 10 11 13 18 19 e
0 1 2 3 4 5 6 7 9 10 11 13 18 e
0 1 3 4 7 9 12 13 e
0 1 3 4 6 7 9 11 12 13 14 e
0 1 2 3 4 7 9 10 12 13 e
0 1 2 3 4 7 9 11 12 13 18 19 e
0 1 3 4 7 9 12 13 18 e
0 1 3 4 6 7 9 12 13 e
0 1 2 3 4 7 9 10 11 12 13 e
0 1 3 4 7 9 11 12 13 e
0 1 2 3 4 6 7 9 10 12 13 18 e
0 1 2 3 4 7 9 10 12 13 18 e
0 1 3 4 6 7 9 12 13 18 19 e
0 1 3 4 6 7 9 11 12 13 e
0 1 3 4 6 7 9 12 13 18 e
0 1 3 4 6 7 9 13 e
0 1 3 4 7 9 11 13 e
0 1 2 3 4 7 9 10 11 12 13 18 e
0 1 2 3 4 6 7 9 10 11 12 13 e
0 1 2 3 4 6 7 9 10 13 e
0 1 3 4 6 7 9 11 13 14 16 e
0 1 3 4 7 9 12 13 18 19 e
0 1 2 3 4 7 9 10 12 13 18 19 e
0 1 2 3 4 6 7 9 10 11 13 e
0 1 2 3 4 7 9 10 11 13 e
0 1 3 4 7 9 13 18 19 e
0 1 2 3 4 7 9 10 13 e
0 1 2 3 4 7 9 10 11 12 13 18 19 e
0 1 2 3 4 6 7 9 10 11 12 13 18 e
0 1 3 4 6 7 9 11 13 e
0 1 3 4 6 7 9 13 18 e
0 1 3 4 7 9 13 18 e
0 1 3 4 7 9 11 12 13 18 e
0 1 3 4 7 9 11 12 13 18 19 e
0 1 3 4 7 9 11 13 18 e
0 1 3 4 6 7 9 11 12 13 18 e
0 1 2 3 4 6 7 9 10 11 12 13 18 19 e
0 1 3 4 6 7 9 11 13 18 e
0 1 3 4 6 7 9 11 13 18 19 e
0 1 3 4 6 7 9 11 12 13 18 19 e
0 1 3 4 7 9 11 13 18 19 e
0 1 3 4 7 9 13 e
0 1 3 4 6 7 9 13 18 19 e
